1.0000001
0.66991866
0.6316331
0.60106385
0.67304766
0.48876894
0.68202955
0.73202616
0.7114254
0.6739535
0.60813075
0.6439116
0.67000914
0.63976884
0.64275163
0.66882265
0.6192507
0.61551106
0.6778785
0.88150144
0.6016903
0.53796303
0.58573645
0.61865735
0.70729846
0.6164449
0.48680514
0.6047734
0.7219737
0.6511349
0.8846892
0.5649574
0.6426161
0.60875386
0.59123766
0.6080141
0.61882246
0.54804474
0.70340973
0.69581556
0.6950827
0.6977629
0.70369136
0.6805515
0.71656036
0.7250336
0.5457756
0.7320781
0.60494983
0.6677218
0.6249756
0.70420206
0.5610539
0.70039165
0.61194164
0.70518863
0.70065624
0.70897776
0.6227561
0.5400023
0.57001513
0.62871
0.6431246
0.8295279
0.77122957
0.80182177
0.81217563
0.6017721
0.76643807
0.64291996
0.56381726
0.6247139
0.60157806
0.6041357
0.5990992
0.59981906
0.67265975
0.76285225
0.755631
0.65289545
0.6634762
0.6717903
0.64684826
0.67950773
0.613753
0.6603736
0.6484577
0.6719957
0.6210827
0.55646265
0.49729466
0.66991866
1.0
0.9162769
0.83651894
0.9118291
0.5090886
0.906687
0.8612276
0.7886697
0.7631751
0.66333455
0.91262996
0.923888
0.83081925
0.74094373
0.88332355
0.85418504
0.8264635
0.7208655
0.6799585
0.8361117
0.6376021
0.82043034
0.7262334
0.78020966
0.91127443
0.44120935
0.72661144
0.8340365
0.75672716
0.751949
0.7103226
0.69723505
0.66644365
0.680317
0.6467631
0.7146618
0.4764199
0.8016938
0.7708419
0.7014429
0.8039792
0.71816766
0.9027551
0.8462262
0.8565101
0.65597683
0.83962345
0.6789814
0.75113636
0.7110167
0.77875507
0.63025916
0.82355666
0.8233186
0.8488581
0.7127984
0.83154833
0.7080527
0.66543156
0.70099247
0.7250758
0.76613426
0.6533093
0.7157414
0.7312191
0.7370586
0.68767726
0.65188146
0.65541804
0.6692581
0.63943684
0.63642114
0.6133972
0.7062745
0.70267856
0.7026652
0.62739736
0.63373864
0.7833663
0.74293196
0.84792703
0.8748116
0.8372136
0.83337694
0.85552174
0.86552846
0.847381
0.7483834
0.6580495
0.6397631
0.6316331
0.9162769
0.99999994
0.8831279
0.91916907
0.48460928
0.91691923
0.7836467
0.7399445
0.71548456
0.651504
0.9326859
0.93942076
0.86386657
0.668149
0.8752512
0.9136501
0.86456025
0.6971339
0.6801852
0.85657114
0.6258023
0.8609891
0.67065203
0.686938
0.8463074
0.41818085
0.6736704
0.76644915
0.7217204
0.6923111
0.6725592
0.66316825
0.6049937
0.6077552
0.6091842
0.6404343
0.41663083
0.6849017
0.7012511
0.68947375
0.71862376
0.7134801
0.70814794
0.77346444
0.77688897
0.590066
0.7690177
0.6309613
0.67492557
0.6695063
0.71729445
0.6405718
0.72037196
0.6528822
0.7882684
0.69538474
0.7575116
0.6827139
0.63480794
0.68825006
0.63697475
0.6501439
0.61815965
0.7073735
0.6860222
0.68971676
0.62715006
0.6153047
0.5966331
0.6422719
0.60137993
0.6038092
0.5635042
0.6656592
0.6459049
0.65571797
0.61988693
0.6005303
0.7178399
0.6825018
0.67136675
0.7308958
0.69917583
0.7118155
0.67864186
0.7175029
0.673679
0.72832185
0.64787424
0.6451884
0.60106385
0.83651894
0.8831279
1.0
0.8494236
0.43754044
0.84104633
0.7433523
0.72401315
0.71436274
0.5966952
0.8602573
0.8609981
0.7597224
0.65826505
0.81603974
0.84386426
0.7751407
0.6591464
0.6384064
0.75017047
0.61309457
0.7689245
0.6390576
0.66428846
0.8086451
0.431007
0.7403598
0.73058116
0.67000306
0.6694847
0.6172126
0.6423721
0.6304171
0.5698832
0.611661
0.6338666
0.43640932
0.670079
0.6985972
0.6493845
0.6838993
0.6914507
0.6660024
0.7586091
0.74062955
0.5433388
0.75878453
0.86296844
0.69158053
0.6070933
0.6944994
0.5603119
0.7159385
0.6246867
0.75352734
0.66537774
0.75366944
0.6772289
0.6256514
0.6834685
0.59926915
0.63646567
0.59362006
0.6701215
0.6470069
0.6698288
0.5887385
0.5919036
0.5665359
0.59636724
0.55505824
0.5431507
0.5274894
0.60125834
0.58866525
0.6116103
0.5641497
0.56720126
0.66561294
0.62613684
0.6277818
0.6873832
0.662988
0.6814094
0.6487916
0.672835
0.6313941
0.7113668
0.8269689
0.6294013
0.67304766
0.9118291
0.91916907
0.8494236
1.0
0.51143676
0.9200493
0.828939
0.7641493
0.7703534
0.6348746
0.9266357
0.9213587
0.79598373
0.7235999
0.873844
0.86907053
0.7943601
0.7013487
0.6860614
0.8011125
0.6169463
0.7930969
0.73586714
0.76320183
0.837503
0.49184614
0.7142888
0.82193655
0.7500139
0.7410666
0.6600134
0.6766751
0.66537184
0.64778584
0.6664089
0.6881795
0.52080446
0.76788133
0.74769926
0.6954892
0.7745287
0.6998001
0.769432
0.812912
0.82132965
0.61241794
0.81117153
0.6691762
0.7265305
0.7008306
0.7742896
0.60345924
0.7966391
0.6825935
0.8375334
0.6955075
0.80258226
0.69577974
0.6523141
0.689144
0.69286686
0.715829
0.6588392
0.7132202
0.7068985
0.71027017
0.6901444
0.6711488
0.6541305
0.6569481
0.60988617
0.617214
0.60819185
0.6681371
0.6640529
0.67452735
0.62357754
0.6401631
0.7611295
0.72920215
0.72876287
0.7634515
0.729428
0.73793447
0.7246373
0.7403791
0.73196363
0.73251724
0.65478975
0.6342198
0.48876894
0.5090886
0.48460928
0.43754044
0.51143676
1.0
0.55008847
0.52618337
0.5034519
0.50724536
0.36564597
0.48271668
0.521357
0.43611422
0.5055847
0.46260116
0.4677587
0.44383037
0.45971927
0.49658924
0.44678104
0.3295995
0.44059646
0.48752752
0.5394143
0.4349536
0.38975635
0.40087494
0.5483918
0.5417106
0.51934963
0.38996607
0.48059586
0.4823487
0.37300992
0.4815283
0.42141536
0.5450504
0.53575355
0.52864385
0.4988471
0.50001216
0.48145023
0.4782593
0.48955637
0.5050592
0.43109563
0.50232106
0.38489652
0.4078237
0.46357068
0.53934354
0.46547663
0.5087173
0.4229414
0.53104836
0.501063
0.44181946
0.44437128
0.36417103
0.4303047
0.50715584
0.49782467
0.5265579
0.5042668
0.47090927
0.5118055
0.45304823
0.5576631
0.452661
0.42011604
0.38953683
0.40034816
0.40763536
0.4189366
0.40677547
0.43736947
0.47549295
0.46769342
0.5052197
0.5052311
0.48793173
0.45646095
0.47968546
0.4611654
0.48347428
0.43963015
0.46709472
0.4299406
0.36077464
0.3396543
0.68202955
0.906687
0.91691923
0.84104633
0.9200493
0.55008847
1.0000001
0.84033656
0.7706531
0.7865329
0.6243206
0.90588367
0.9244985
0.79134154
0.76973027
0.86535394
0.8672726
0.7937355
0.67574924
0.70948696
0.7860915
0.605961
0.77107126
0.7230862
0.8016838
0.84318316
0.53852755
0.71217567
0.8541318
0.7626813
0.7460218
0.6611588
0.72061294
0.6926114
0.6451119
0.6771438
0.68888223
0.586024
0.81734514
0.78488517
0.71523964
0.7913717
0.7217145
0.77348113
0.822796
0.81531876
0.6495648
0.8154804
0.67105764
0.7322207
0.7116864
0.8068534
0.60724473
0.8164538
0.6955758
0.8526497
0.7097613
0.80477875
0.6996809
0.64930654
0.7195504
0.743709
0.76971215
0.66722405
0.73534286
0.7153327
0.7243628
0.67861956
0.6932587
0.653089
0.6721266
0.62348557
0.6282836
0.6009239
0.6897161
0.6607583
0.6777429
0.6495034
0.66210115
0.77260673
0.750608
0.7508699
0.7636271
0.7374625
0.7633887
0.7502745
0.7653466
0.74801606
0.73130757
0.6524158
0.62780845
0.73202616
0.8612276
0.7836467
0.7433523
0.828939
0.52618337
0.84033656
0.99999994
0.86696494
0.85335004
0.6699185
0.80141604
0.84209716
0.73304045
0.8536654
0.8224355
0.72080356
0.71980596
0.7376432
0.6812321
0.7335195
0.58236253
0.70078844
0.8021178
0.88711447
0.7716785
0.5380588
0.8008758
0.92499113
0.8067659
0.8318942
0.75776595
0.7346707
0.7565754
0.7221321
0.7284791
0.77143395
0.6330214
0.91599256
0.8326895
0.78727955
0.9094969
0.7606721
0.9068566
0.9452346
0.95023465
0.7121032
0.9377744
0.77799517
0.8371455
0.7965814
0.8903487
0.6378142
0.9173675
0.81574345
0.93106
0.78596866
0.9175079
0.7446833
0.6844466
0.72637624
0.83062303
0.8739573
0.73044497
0.72051626
0.7663309
0.78555304
0.7397803
0.72317916
0.7165798
0.66767514
0.67564636
0.650239
0.6655925
0.7126925
0.7043264
0.739304
0.6985279
0.6888275
0.83067983
0.8454638
0.8791523
0.82896817
0.8301752
0.80936974
0.85490704
0.83217776
0.86003065
0.7558361
0.68021095
0.5949159
0.7114254
0.7886697
0.7399445
0.72401315
0.7641493
0.5034519
0.7706531
0.86696494
0.99999994
0.7885894
0.65213174
0.76321775
0.78595835
0.7375808
0.74670726
0.7867684
0.6873779
0.7298257
0.7204314
0.6740846
0.72040653
0.5435779
0.7041467
0.7174694
0.8417654
0.7135118
0.47743192
0.7147995
0.83377165
0.7628948
0.79153407
0.71819377
0.72962546
0.6857312
0.6745011
0.6443486
0.7162931
0.6408008
0.8167961
0.7816524
0.893372
0.8160361
0.8696667
0.7998192
0.85038346
0.85466576
0.60792845
0.85207254
0.7326935
0.76409775
0.6889372
0.8319077
0.6862916
0.822892
0.7171696
0.8526163
0.89349407
0.82239735
0.87731946
0.66322523
0.6873881
0.70530814
0.7510926
0.70108074
0.70278376
0.7335133
0.74760395
0.68342775
0.7041006
0.65932846
0.6450563
0.6591352
0.6192706
0.6072043
0.69880474
0.6806923
0.73422194
0.7370191
0.6712308
0.75709486
0.74374485
0.7950239
0.74491185
0.74831355
0.73942596
0.7570764
0.75027496
0.7528971
0.70347387
0.65362734
0.5884988
0.6739535
0.7631751
0.71548456
0.71436274
0.7703534
0.50724536
0.7865329
0.85335004
0.7885894
1.0
0.5641192
0.7372855
0.7647505
0.6261275
0.7488177
0.70768595
0.6488473
0.6113788
0.64126915
0.6158812
0.6235441
0.5479397
0.59407705
0.7281145
0.7967453
0.68289876
0.74882543
0.7298127
0.83332664
0.805489
0.7539533
0.61695534
0.6592448
0.6910192
0.70532864
0.65908927
0.72108483
0.60479164
0.8310071
0.7629097
0.72602695
0.81518406
0.6878685
0.7905871
0.84576774
0.82660973
0.6568172
0.83812124
0.74848086
0.75046885
0.7254166
0.79432833
0.58579
0.84293705
0.6957386
0.83359796
0.6969802
0.8126576
0.66681385
0.5973507
0.6544523
0.74908924
0.7785161
0.6748125
0.6433575
0.6759686
0.72439706
0.7126069
0.69529504
0.6861351
0.60565895
0.6562942
0.6246601
0.6327523
0.64786804
0.6778946
0.71289796
0.65619767
0.68560493
0.7507499
0.7671437
0.7593534
0.7303332
0.7245068
0.7127279
0.7436985
0.7272312
0.73789537
0.6843654
0.65866286
0.52843326
0.60813075
0.66333455
0.651504
0.5966952
0.6348746
0.36564597
0.6243206
0.6699185
0.65213174
0.5641192
1.0
0.6580138
0.67469895
0.7475262
0.5281027
0.64904875
0.61330175
0.72894347
0.75628906
0.65072304
0.7232149
0.5460568
0.7235714
0.6073444
0.6167826
0.6271993
0.32826364
0.5007369
0.6396186
0.5403357
0.6578791
0.575965
0.5935219
0.48468232
0.5298543
0.53191257
0.5687836
0.38043723
0.6007131
0.5780559
0.6464226
0.6428774
0.67870814
0.6211273
0.6344248
0.6884234
0.47815782
0.64807755
0.5349809
0.55427986
0.55196524
0.5987736
0.52883756
0.60540116
0.5611873
0.6434274
0.6625853
0.6238691
0.57318485
0.50433177
0.57275397
0.54471886
0.5710529
0.6128492
0.67100215
0.69454056
0.69359595
0.5723647
0.62121594
0.5638436
0.6068319
0.54266
0.54464036
0.55586827
0.609216
0.5855114
0.6168581
0.62063277
0.5767182
0.64013773
0.59217733
0.6088503
0.64546454
0.6550251
0.612221
0.61528003
0.6482297
0.60142773
0.62498677
0.5584965
0.52974397
0.6439116
0.91262996
0.9326859
0.8602573
0.9266357
0.48271668
0.90588367
0.80141604
0.76321775
0.7372855
0.6580138
0.99999994
0.92590743
0.8466896
0.69984084
0.87322634
0.8672346
0.84994066
0.70688945
0.66725194
0.85373545
0.614334
0.8390883
0.6913022
0.7242045
0.8366979
0.44549388
0.6967507
0.78534395
0.72173446
0.7120102
0.6858833
0.68446255
0.6562646
0.6492998
0.6406891
0.6598893
0.45681238
0.7397762
0.7185118
0.69564044
0.74982214
0.710912
0.7447174
0.79394734
0.7945145
0.59904766
0.77926785
0.651602
0.69434166
0.6529681
0.75913984
0.63525164
0.7730986
0.6820964
0.81634796
0.69998044
0.7744093
0.6925696
0.6350757
0.668081
0.6401939
0.6766077
0.62981737
0.6962512
0.69786406
0.6935274
0.6641305
0.6432035
0.6381781
0.6707613
0.6304621
0.6175147
0.5882735
0.67957455
0.6855433
0.6769333
0.6136028
0.6225489
0.73871976
0.6866931
0.6997923
0.7493872
0.707548
0.717929
0.7028071
0.73748314
0.698933
0.718509
0.64916
0.62946314
0.67000914
0.923888
0.93942076
0.8609981
0.9213587
0.521357
0.9244985
0.84209716
0.78595835
0.7647505
0.67469895
0.92590743
0.99999994
0.8528552
0.72707546
0.89123255
0.88446873
0.84469587
0.70622474
0.683907
0.8539584
0.6204798
0.8428037
0.71098125
0.75745803
0.8541868
0.49152255
0.7302619
0.8333667
0.7468985
0.74489194
0.71699196
0.6889135
0.67662376
0.66512287
0.68541586
0.67846614
0.49648905
0.77844244
0.7640597
0.726521
0.8738804
0.725471
0.779662
0.82441556
0.84472144
0.6487304
0.82339954
0.6785558
0.7294993
0.70308083
0.78764945
0.64231795
0.7976119
0.714834
0.84077215
0.71991956
0.8083865
0.7057044
0.6445359
0.7110606
0.70509166
0.7312396
0.66928345
0.7155668
0.7226853
0.7297578
0.6796248
0.67276406
0.67093897
0.6680918
0.6370722
0.63825095
0.6220766
0.6973961
0.69265896
0.7009068
0.6442669
0.6411644
0.8420601
0.80580795
0.7481789
0.778532
0.73962563
0.75732934
0.74840426
0.76365876
0.7467334
0.7498658
0.6696537
0.63562423
0.63976884
0.83081925
0.86386657
0.7597224
0.79598373
0.43611422
0.79134154
0.73304045
0.7375808
0.6261275
0.7475262
0.8466896
0.8528552
0.99999994
0.6078941
0.78160137
0.801634
0.9483383
0.7529066
0.6506345
0.9286781
0.5806013
0.9223346
0.6296339
0.64647603
0.76451105
0.33598778
0.6066855
0.69519544
0.63926
0.66602767
0.7119086
0.642767
0.5394734
0.5887243
0.56834775
0.6286049
0.36450326
0.62848353
0.6460442
0.6870626
0.6931754
0.7319796
0.6756528
0.709953
0.73591834
0.5511639
0.7078396
0.5585712
0.6355073
0.6232053
0.66892266
0.63398534
0.6547562
0.6626469
0.72606266
0.71881956
0.70515335
0.6515522
0.55658025
0.63174796
0.57494915
0.5808457
0.5943586
0.652054
0.6929826
0.69124943
0.6060407
0.5996665
0.5873479
0.6306985
0.61896855
0.600373
0.5673028
0.6661815
0.68812466
0.65477794
0.6153794
0.57518744
0.74478847
0.65576077
0.64277637
0.688626
0.701957
0.6716005
0.6459076
0.6985657
0.66819566
0.6640836
0.5728538
0.5661855
0.64275163
0.74094373
0.668149
0.65826505
0.7235999
0.5055847
0.76973027
0.8536654
0.74670726
0.7488177
0.5281027
0.69984084
0.72707546
0.6078941
1.0
0.6954395
0.6039005
0.60338444
0.6226729
0.58614504
0.60726327
0.45383915
0.56137365
0.69128555
0.7902846
0.7051358
0.5435285
0.75327253
0.81902105
0.7172029
0.72503537
0.57437193
0.6687856
0.7154077
0.59425145
0.72118926
0.6468094
0.6440561
0.82356054
0.7457239
0.693911
0.79189926
0.66760945
0.7851757
0.81665194
0.79758435
0.62640846
0.8062111
0.7009541
0.7567439
0.69863665
0.7739598
0.59647745
0.8106417
0.74181163
0.8321935
0.6904608
0.7787517
0.65011364
0.5805879
0.6536661
0.76900655
0.79277897
0.6587757
0.61600554
0.6748454
0.6705378
0.63429606
0.6501448
0.61931443
0.54709965
0.57838625
0.59023935
0.575315
0.5740935
0.5966533
0.61421627
0.6467787
0.5907388
0.7362937
0.7585118
0.78088295
0.6907902
0.7263109
0.72350395
0.72753435
0.7108237
0.74966764
0.6144261
0.5794945
0.47291893
0.66882265
0.88332355
0.8752512
0.81603974
0.873844
0.46260116
0.86535394
0.8224355
0.7867684
0.70768595
0.64904875
0.87322634
0.89123255
0.78160137
0.6954395
0.99999994
0.84465826
0.7915447
0.66953707
0.6800521
0.77988446
0.67943126
0.7608341
0.6907266
0.7397778
0.82825625
0.44706786
0.7032853
0.8074153
0.67646354
0.75374585
0.6718712
0.6893401
0.65482795
0.6264081
0.59934086
0.6541108
0.5064228
0.76931816
0.76513106
0.71501946
0.7833931
0.742276
0.77448773
0.8095804
0.840339
0.60535645
0.82761085
0.675495
0.72220844
0.66606134
0.7829751
0.59361166
0.78541034
0.7202235
0.82758504
0.7275128
0.78303134
0.7508367
0.7026382
0.711259
0.66196233
0.70092607
0.6652666
0.71781033
0.73673946
0.71395063
0.6408416
0.6544274
0.62225205
0.63248944
0.60543174
0.6197816
0.59224415
0.654059
0.68584466
0.68007547
0.67120564
0.62467754
0.7313393
0.7151182
0.7430608
0.801891
0.73322725
0.7515814
0.7394677
0.7783359
0.74664724
0.78990376
0.69975173
0.7152999
0.6192507
0.85418504
0.9136501
0.84386426
0.86907053
0.4677587
0.8672726
0.72080356
0.6873779
0.6488473
0.61330175
0.8672346
0.88446873
0.801634
0.6039005
0.84465826
1.0
0.8109438
0.66045547
0.6693024
0.7923918
0.6526083
0.8256258
0.6335359
0.635663
0.7925683
0.38473347
0.61746323
0.717391
0.66022825
0.67953116
0.60753554
0.6615872
0.597694
0.58027405
0.5751382
0.6272709
0.3935474
0.64116764
0.6912469
0.63219225
0.6661595
0.6849076
0.64726806
0.7111643
0.72414905
0.55884176
0.7117385
0.5999276
0.63476574
0.60242856
0.6623654
0.59504807
0.6734546
0.59113896
0.7175393
0.64368474
0.70852154
0.6667548
0.6390082
0.6728539
0.57516265
0.5999481
0.60442334
0.6967069
0.67685443
0.6882565
0.6008589
0.6107642
0.57136714
0.63426244
0.61133295
0.58787566
0.54315764
0.6482445
0.60998756
0.63347995
0.5930537
0.6003051
0.66803247
0.61818004
0.6301152
0.7049053
0.65727615
0.6816324
0.66186416
0.686046
0.6457259
0.72112703
0.65402985
0.68085116
0.61551106
0.8264635
0.86456025
0.7751407
0.7943601
0.44383037
0.7937355
0.71980596
0.7298257
0.6113788
0.72894347
0.84994066
0.84469587
0.9483383
0.60338444
0.7915447
0.8109438
1.0
0.73936886
0.6442772
0.93465394
0.57395613
0.9268388
0.60597694
0.63475484
0.761216
0.33011383
0.5846445
0.6846217
0.61804515
0.66149825
0.6818432
0.65592563
0.53059256
0.56000435
0.54114795
0.5980181
0.35824993
0.6195053
0.63786983
0.6615125
0.666426
0.71509695
0.6569303
0.6872485
0.71952635
0.5447516
0.6953057
0.5628985
0.6107383
0.5655899
0.6607517
0.619735
0.6461187
0.6559606
0.71294165
0.69787055
0.68521976
0.6549736
0.55838144
0.6385013
0.5394941
0.57194173
0.5763292
0.6605888
0.6765317
0.68523324
0.5752395
0.58710957
0.54806596
0.60355484
0.5965397
0.5758596
0.52646834
0.63387376
0.6434944
0.63961273
0.6282078
0.5675828
0.71059525
0.60381037
0.6187993
0.6761156
0.6743628
0.6691191
0.6361064
0.6817278
0.63943064
0.65965724
0.580662
0.57207894
0.6778785
0.7208655
0.6971339
0.6591464
0.7013487
0.45971927
0.67574924
0.7376432
0.7204314
0.64126915
0.75628906
0.70688945
0.70622474
0.7529066
0.6226729
0.66953707
0.66045547
0.73936886
0.99999994
0.63825375
0.76231956
0.52017105
0.7593466
0.707662
0.7052835
0.6565635
0.35596955
0.61232203
0.7073868
0.6636834
0.7269309
0.6189298
0.6471372
0.5560541
0.5673332
0.5862048
0.6652696
0.48363927
0.6681844
0.6573317
0.6878401
0.67842853
0.6998854
0.6883278
0.7246731
0.7364744
0.54287434
0.71983945
0.6125868
0.6500836
0.5887738
0.64985263
0.5955687
0.6972084
0.6286546
0.70571166
0.69989014
0.713285
0.6514665
0.5813234
0.6314911
0.5840387
0.6231578
0.66598576
0.64796495
0.70803785
0.7395247
0.65218604
0.67015076
0.60675466
0.55823237
0.58839387
0.59034336
0.5685566
0.61071646
0.5988267
0.62112135
0.6578084
0.58885825
0.6666032
0.6168826
0.6680649
0.64548343
0.71819365
0.6750571
0.6549573
0.67467695
0.6469127
0.6012574
0.55316097
0.5201488
0.88150144
0.6799585
0.6801852
0.6384064
0.6860614
0.49658924
0.70948696
0.6812321
0.6740846
0.6158812
0.65072304
0.66725194
0.683907
0.6506345
0.58614504
0.6800521
0.6693024
0.6442772
0.63825375
1.0
0.62283
0.5928793
0.6117454
0.594575
0.65402055
0.63428116
0.42837527
0.5241301
0.7109042
0.63903
0.8143534
0.5173082
0.63272274
0.55120325
0.5106482
0.57649446
0.58225363
0.514732
0.65415746
0.6863916
0.67170894
0.6169287
0.6884131
0.61017996
0.65145254
0.66586834
0.51831937
0.66863096
0.5514031
0.5750007
0.5904219
0.6898159
0.56040835
0.6436074
0.5186465
0.66855425
0.6622403
0.6356013
0.5935972
0.5037139
0.5886702
0.5830257
0.5846366
0.76817924
0.94723564
0.7530944
0.7549792
0.5524644
0.74102294
0.55725676
0.6516552
0.54863435
0.5547981
0.5351817
0.6382175
0.5441398
0.61944366
0.7013265
0.7295193
0.58705217
0.60241073
0.60970753
0.6367546
0.62667406
0.60691416
0.6040339
0.6116692
0.61431557
0.6412706
0.57264775
0.530178
0.6016903
0.8361117
0.85657114
0.75017047
0.8011125
0.44678104
0.7860915
0.7335195
0.72040653
0.6235441
0.7232149
0.85373545
0.8539584
0.9286781
0.60726327
0.77988446
0.7923918
0.93465394
0.76231956
0.62283
1.0
0.5641601
0.93484765
0.65777856
0.64581686
0.75932044
0.3431166
0.5822523
0.69313425
0.62617165
0.64921606
0.70160407
0.63856393
0.53114694
0.58888173
0.5463433
0.6070287
0.35544538
0.6260525
0.63852227
0.6717232
0.6871181
0.6971881
0.6760546
0.69233555
0.73113054
0.5687374
0.7031314
0.5377396
0.61066514
0.5806017
0.6685597
0.61666006
0.65956694
0.6781247
0.7130996
0.69126934
0.6947109
0.6413143
0.5552945
0.6430808
0.5428187
0.5692781
0.5654774
0.63968927
0.6485222
0.6658423
0.63390887
0.5957809
0.5714323
0.6257172
0.6118596
0.6062421
0.542085
0.65848064
0.7006707
0.6511462
0.60005444
0.5640696
0.72913
0.6258347
0.634471
0.67972934
0.6653334
0.68331796
0.64329773
0.6799068
0.6557012
0.6483273
0.5452158
0.5539622
0.53796303
0.6376021
0.6258023
0.61309457
0.6169463
0.3295995
0.605961
0.58236253
0.5435779
0.5479397
0.5460568
0.614334
0.6204798
0.5806013
0.45383915
0.67943126
0.6526083
0.57395613
0.52017105
0.5928793
0.5641601
0.99999994
0.57765204
0.5173501
0.50587505
0.6202733
0.32207194
0.52788526
0.5784163
0.527244
0.54034686
0.49361625
0.54538554
0.453366
0.51895916
0.3946561
0.59326446
0.3055189
0.53956926
0.5725384
0.49716714
0.5374036
0.6063948
0.5611508
0.5890578
0.6283388
0.4989473
0.6123015
0.5228268
0.52748334
0.5234427
0.53132087
0.47375253
0.54979026
0.49933565
0.5983563
0.4917296
0.57576877
0.5031094
0.4962799
0.53337914
0.49743712
0.51158965
0.4757633
0.586289
0.5576597
0.522282
0.5111389
0.48971555
0.4783479
0.55366385
0.5320778
0.50296426
0.47128162
0.5599786
0.5053461
0.56810457
0.44568712
0.5191073
0.51920784
0.5111736
0.5381976
0.8201788
0.5556696
0.5529665
0.5587056
0.6842637
0.56109005
0.89885986
0.81382287
0.79809237
0.58573645
0.82043034
0.8609891
0.7689245
0.7930969
0.44059646
0.77107126
0.70078844
0.7041467
0.59407705
0.7235714
0.8390883
0.8428037
0.9223346
0.56137365
0.7608341
0.8256258
0.9268388
0.7593466
0.6117454
0.93484765
0.57765204
1.0
0.62416834
0.613253
0.7517461
0.3088578
0.58191395
0.6620868
0.6116351
0.6332712
0.6983065
0.6196962
0.5263743
0.57196873
0.5320696
0.6291681
0.31982276
0.5870484
0.60266984
0.65151936
0.6615186
0.69310457
0.64731574
0.68630135
0.70910794
0.55061805
0.67302305
0.5519928
0.62398237
0.5638471
0.6208879
0.61139274
0.63296664
0.6453744
0.68490237
0.66777617
0.68778735
0.63535184
0.5605973
0.6258642
0.5129339
0.5415646
0.56482995
0.62951094
0.63010585
0.65465164
0.59742284
0.57191336
0.5673719
0.62866944
0.5883047
0.5810458
0.53573716
0.6443405
0.625121
0.6193122
0.5674444
0.5439931
0.7147146
0.597611
0.6052447
0.6715993
0.6663076
0.6625355
0.64206105
0.676682
0.61469036
0.64813817
0.57630384
0.5784394
0.61865735
0.7262334
0.67065203
0.6390576
0.73586714
0.48752752
0.7230862
0.8021178
0.7174694
0.7281145
0.6073444
0.6913022
0.71098125
0.6296339
0.69128555
0.6907266
0.6335359
0.60597694
0.707662
0.594575
0.65777856
0.5173501
0.62416834
1.0
0.75759137
0.67420626
0.4717531
0.6646604
0.7817852
0.6958124
0.70116526
0.6029938
0.61876047
0.62594724
0.59223443
0.5760014
0.6484505
0.530472
0.7552497
0.70837075
0.63218886
0.723621
0.6575833
0.7275446
0.77800936
0.79577845
0.5827834
0.7796975
0.6260175
0.6755911
0.6873132
0.7228279
0.5247126
0.7620856
0.66192544
0.77392447
0.67749995
0.7453769
0.62293786
0.5715198
0.72245467
0.68177116
0.6908467
0.6084442
0.6284949
0.64857936
0.6573962
0.89210904
0.69731975
0.5874945
0.58126986
0.5479047
0.549903
0.549813
0.6168648
0.61509705
0.61575556
0.5910847
0.60285956
0.6721275
0.6997643
0.6942666
0.67157906
0.7367835
0.74871993
0.6741386
0.6754672
0.68319327
0.635358
0.5548425
0.5029045
0.70729846
0.78020966
0.686938
0.66428846
0.76320183
0.5394143
0.8016838
0.88711447
0.8417654
0.7967453
0.6167826
0.7242045
0.75745803
0.64647603
0.7902846
0.7397778
0.635663
0.63475484
0.7052835
0.65402055
0.64581686
0.50587505
0.613253
0.75759137
1.0
0.6905456
0.5330745
0.7151301
0.88455594
0.77155066
0.79602796
0.6701377
0.7451631
0.7154061
0.6910294
0.659465
0.7276341
0.7468815
0.90104234
0.8015105
0.7517295
0.8421525
0.73441434
0.8428274
0.8618873
0.8641433
0.680347
0.8574729
0.7191085
0.78715074
0.69740283
0.85644495
0.5866025
0.88212794
0.74013364
0.8883695
0.76078457
0.82784855
0.73606
0.6470277
0.66988283
0.79476446
0.8642166
0.6963771
0.68664825
0.73545444
0.7493628
0.72058904
0.71212375
0.68458056
0.61608875
0.6528818
0.62680495
0.6333594
0.6789525
0.6640332
0.69472915
0.67233217
0.6714824
0.7926033
0.7624433
0.836067
0.75210243
0.7791355
0.7548496
0.78974426
0.75479233
0.7941758
0.6676867
0.60753566
0.53930455
0.6164449
0.91127443
0.8463074
0.8086451
0.837503
0.4349536
0.84318316
0.7716785
0.7135118
0.68289876
0.6271993
0.8366979
0.8541868
0.76451105
0.7051358
0.82825625
0.7925683
0.761216
0.6565635
0.63428116
0.75932044
0.6202733
0.7517461
0.67420626
0.6905456
1.0
0.41497818
0.7306471
0.7495563
0.67011034
0.68892735
0.6311241
0.6304742
0.61411875
0.62841153
0.6012004
0.62547493
0.40951675
0.70405513
0.70696574
0.6497888
0.7307845
0.6773178
0.8073693
0.7680539
0.7836659
0.58226484
0.7687841
0.6623651
0.72080916
0.63568765
0.69366735
0.570682
0.7382374
0.761165
0.7648119
0.65763694
0.77386713
0.65668154
0.6204059
0.6659642
0.63923407
0.67414844
0.5932256
0.6661872
0.686174
0.6786794
0.6491877
0.6136689
0.6025508
0.6403296
0.5944155
0.6090335
0.57236046
0.64232945
0.6512299
0.6516009
0.58335054
0.59253556
0.7248154
0.6731039
0.7674329
0.80372655
0.764731
0.7681376
0.76212525
0.8006313
0.7574569
0.7109004
0.6580124
0.6180336
0.48680514
0.44120935
0.41818085
0.431007
0.49184614
0.38975635
0.53852755
0.5380588
0.47743192
0.74882543
0.32826364
0.44549388
0.49152255
0.33598778
0.5435285
0.44706786
0.38473347
0.33011383
0.35596955
0.42837527
0.3431166
0.32207194
0.3088578
0.4717531
0.5330745
0.41497818
1.0
0.48980927
0.5717225
0.5227155
0.5451138
0.32201645
0.42828557
0.5357127
0.47525737
0.52400666
0.4542373
0.54779893
0.5784825
0.5388772
0.46132863
0.56022316
0.47237203
0.47606194
0.50867254
0.52919567
0.4302013
0.5350318
0.48094872
0.4579589
0.48101234
0.56918675
0.38690183
0.5641095
0.45806536
0.53504
0.46474558
0.48010653
0.4039667
0.3484492
0.44666302
0.54017806
0.536199
0.52564347
0.44687736
0.48044834
0.4980703
0.500747
0.58232635
0.5026069
0.41805217
0.4691247
0.45945984
0.47401157
0.43393636
0.4516668
0.51846975
0.52063507
0.57086325
0.52606124
0.5542091
0.49419937
0.4372916
0.43149748
0.45686805
0.46732634
0.43751305
0.46696675
0.43135354
0.4181314
0.30629125
0.6047734
0.72661144
0.6736704
0.7403598
0.7142888
0.40087494
0.71217567
0.8008758
0.7147995
0.7298127
0.5007369
0.6967507
0.7302619
0.6066855
0.75327253
0.7032853
0.61746323
0.5846445
0.61232203
0.5241301
0.5822523
0.52788526
0.58191395
0.6646604
0.7151301
0.7306471
0.48980927
1.0
0.759205
0.6521602
0.6984531
0.62936205
0.6147354
0.6939157
0.63620573
0.6145438
0.65047866
0.4950129
0.7387094
0.6850618
0.61844736
0.78586334
0.6120156
0.75843453
0.8369968
0.8083706
0.60685164
0.81195843
0.80138767
0.81881475
0.6684037
0.7294359
0.5231607
0.75733876
0.7166361
0.80245996
0.6204838
0.8387813
0.6310396
0.60379434
0.6413388
0.6705575
0.7052555
0.5948775
0.5597088
0.6452597
0.6395005
0.6302139
0.5833829
0.6106324
0.571006
0.5691094
0.5673391
0.5683849
0.5982638
0.5878012
0.6228889
0.59051913
0.57375884
0.7246672
0.72268516
0.7073786
0.69801646
0.7197946
0.6907905
0.71113926
0.7072338
0.7025966
0.6589542
0.69611895
0.5280708
0.7219737
0.8340365
0.76644915
0.73058116
0.82193655
0.5483918
0.8541318
0.92499113
0.83377165
0.83332664
0.6396186
0.78534395
0.8333667
0.69519544
0.81902105
0.8074153
0.717391
0.6846217
0.7073868
0.7109042
0.69313425
0.5784163
0.6620868
0.7817852
0.88455594
0.7495563
0.5717225
0.759205
1.0
0.7941767
0.8103264
0.70890766
0.74712604
0.74784803
0.69444895
0.69157267
0.7330341
0.67250115
0.90917283
0.9069177
0.76666194
0.88434786
0.7269689
0.8612185
0.88831204
0.90880483
0.66939354
0.89495033
0.7466075
0.7900536
0.77568907
0.8984061
0.6429411
0.9087584
0.7586115
0.91336006
0.74846715
0.8658922
0.74656665
0.6881476
0.72218037
0.83442557
0.86611676
0.7281395
0.7472104
0.76348436
0.77261937
0.73071444
0.7300271
0.6956087
0.6697576
0.66042995
0.6537649
0.64839077
0.7088297
0.68672067
0.73708934
0.6901111
0.69560814
0.82361615
0.8371882
0.8474047
0.7995151
0.79416925
0.79260993
0.8361406
0.8068178
0.8349094
0.7373089
0.66660076
0.61000055
0.6511349
0.75672716
0.7217204
0.67000306
0.7500139
0.5417106
0.7626813
0.8067659
0.7628948
0.805489
0.5403357
0.72173446
0.7468985
0.63926
0.7172029
0.67646354
0.66022825
0.61804515
0.6636834
0.63903
0.62617165
0.527244
0.6116351
0.6958124
0.77155066
0.67011034
0.5227155
0.6521602
0.7941767
0.99999994
0.704217
0.67196774
0.639472
0.6866882
0.65663135
0.6436034
0.7174062
0.5625509
0.7639224
0.7446293
0.71169543
0.7444384
0.7078264
0.743316
0.8057412
0.790562
0.6273782
0.7895212
0.6393498
0.68593544
0.7175539
0.7292751
0.594891
0.79906005
0.6447414
0.7955091
0.72403723
0.77273625
0.6318273
0.5415586
0.6480155
0.72253895
0.7248749
0.656897
0.65476215
0.6782313
0.68580085
0.6769835
0.6715542
0.6534106
0.5799867
0.62742853
0.56476635
0.594148
0.6714864
0.6261478
0.65787905
0.59401387
0.6649618
0.709683
0.7307185
0.7317431
0.6867646
0.71555024
0.69573814
0.7058596
0.7079198
0.6992256
0.6447025
0.56741184
0.4810886
0.8846892
0.751949
0.6923111
0.6694847
0.7410666
0.51934963
0.7460218
0.8318942
0.79153407
0.7539533
0.6578791
0.7120102
0.74489194
0.66602767
0.72503537
0.75374585
0.67953116
0.66149825
0.7269309
0.8143534
0.64921606
0.54034686
0.6332712
0.70116526
0.79602796
0.68892735
0.5451138
0.6984531
0.8103264
0.704217
1.0
0.6284054
0.6680453
0.67905116
0.6437737
0.6651254
0.6766367
0.6137248
0.79255617
0.751126
0.7242418
0.7918499
0.7467067
0.77911854
0.8110913
0.81981295
0.6281193
0.8232257
0.69110686
0.73213106
0.6789857
0.79627514
0.5857984
0.8004375
0.6973827
0.7873087
0.7603047
0.7915462
0.6879018
0.6024546
0.64747316
0.69428414
0.7287196
0.8927087
0.8575212
0.8842813
0.9088122
0.6639088
0.8399242
0.6845585
0.58964556
0.6514127
0.6318726
0.63909966
0.6350744
0.65141255
0.7469876
0.8416498
0.8291477
0.7345462
0.73271847
0.76034313
0.7221408
0.74642324
0.70574194
0.74505275
0.7149236
0.7425195
0.67558837
0.61435694
0.53456455
0.5649574
0.7103226
0.6725592
0.6172126
0.6600134
0.38996607
0.6611588
0.75776595
0.71819377
0.61695534
0.575965
0.6858833
0.71699196
0.7119086
0.57437193
0.6718712
0.60753554
0.6818432
0.6189298
0.5173082
0.70160407
0.49361625
0.6983065
0.6029938
0.6701377
0.6311241
0.32201645
0.62936205
0.70890766
0.67196774
0.6284054
1.0
0.576129
0.5495083
0.6988619
0.5773106
0.6308982
0.3878063
0.6721016
0.63592184
0.6460111
0.733274
0.6393766
0.70875025
0.7501186
0.7636053
0.5861132
0.73954225
0.5980959
0.6710599
0.60732466
0.70575553
0.60666466
0.71352184
0.6692187
0.7322346
0.6603257
0.73933464
0.6094704
0.53888196
0.53515476
0.6024843
0.6444866
0.55624443
0.53816396
0.58523566
0.60500175
0.6442584
0.5603556
0.6748921
0.6597431
0.66394836
0.5771053
0.6274817
0.7430499
0.64087063
0.65698856
0.50422186
0.56741047
0.69557726
0.6607254
0.6709095
0.6716625
0.6390922
0.60311365
0.67442715
0.680957
0.6532799
0.6271855
0.5514183
0.49691698
0.6426161
0.69723505
0.66316825
0.6423721
0.6766751
0.48059586
0.72061294
0.7346707
0.72962546
0.6592448
0.5935219
0.68446255
0.6889135
0.642767
0.6687856
0.6893401
0.6615872
0.65592563
0.6471372
0.63272274
0.63856393
0.54538554
0.6196962
0.61876047
0.7451631
0.6304742
0.42828557
0.6147354
0.74712604
0.639472
0.6680453
0.576129
0.99999994
0.58318716
0.5771038
0.5636882
0.6206395
0.54002047
0.7280232
0.7131888
0.66022277
0.6896443
0.69711107
0.6871734
0.7095519
0.7377195
0.5575836
0.7220662
0.62589186
0.6749503
0.61149514
0.71026844
0.5999395
0.73229796
0.61867166
0.75124866
0.69541544
0.6940796
0.6995725
0.637823
0.7636978
0.6661668
0.7053797
0.60190624
0.6314363
0.6539376
0.66467446
0.5872115
0.6156464
0.57676363
0.5912912
0.65190184
0.58173966
0.5487937
0.6091237
0.6185314
0.60854596
0.6153784
0.57672375
0.6580128
0.6433783
0.67691785
0.6835707
0.7177409
0.77970296
0.68631077
0.6572107
0.70979244
0.6547381
0.6096382
0.61219674
0.60875386
0.66644365
0.6049937
0.6304171
0.66537184
0.4823487
0.6926114
0.7565754
0.6857312
0.6910192
0.48468232
0.6562646
0.67662376
0.5394734
0.7154077
0.65482795
0.597694
0.53059256
0.5560541
0.55120325
0.53114694
0.453366
0.5263743
0.62594724
0.7154061
0.61411875
0.5357127
0.6939157
0.74784803
0.6866882
0.67905116
0.5495083
0.58318716
1.0
0.5935342
0.61118644
0.65191406
0.5953983
0.7455856
0.72529787
0.61984235
0.74100935
0.62381
0.704875
0.75434375
0.7461102
0.5210461
0.760631
0.6807213
0.6710466
0.6190194
0.7124744
0.49776748
0.76461935
0.65093154
0.7602316
0.630788
0.7259476
0.60113597
0.54553634
0.61601114
0.67853785
0.7160696
0.6260952
0.574264
0.62927234
0.6310807
0.60356104
0.64082223
0.5942563
0.53155583
0.5411344
0.54922575
0.5530558
0.5634991
0.573465
0.6185385
0.55169934
0.60570985
0.71240103
0.68725544
0.691634
0.6421516
0.69299084
0.65519035
0.68295616
0.6524166
0.6758645
0.60817355
0.5875309
0.47046492
0.59123766
0.680317
0.6077552
0.5698832
0.64778584
0.37300992
0.6451119
0.7221321
0.6745011
0.70532864
0.5298543
0.6492998
0.66512287
0.5887243
0.59425145
0.6264081
0.58027405
0.56000435
0.5673332
0.5106482
0.58888173
0.51895916
0.57196873
0.59223443
0.6910294
0.62841153
0.47525737
0.63620573
0.69444895
0.65663135
0.6437737
0.6988619
0.5771038
0.5935342
1.0
0.5503556
0.6747343
0.43164328
0.7040621
0.644863
0.62108594
0.7300474
0.624741
0.726143
0.7427443
0.7451567
0.5830848
0.73225933
0.6033659
0.68986124
0.5962403
0.691981
0.55460596
0.72680146
0.6579965
0.7408405
0.6246089
0.7364004
0.5740891
0.53431296
0.5243176
0.6168002
0.6689651
0.5598174
0.5205985
0.5684528
0.60443497
0.846158
0.7009193
0.885451
0.8144882
0.8894305
0.7984405
0.8275452
0.8664282
0.8325238
0.87380826
0.5110345
0.7894821
0.69353086
0.6523413
0.69627595
0.7015223
0.6421899
0.61090654
0.695415
0.673277
0.6879817
0.6414139
0.57300586
0.51126295
0.6080141
0.6467631
0.6091842
0.611661
0.6664089
0.4815283
0.6771438
0.7284791
0.6443486
0.65908927
0.53191257
0.6406891
0.68541586
0.56834775
0.72118926
0.59934086
0.5751382
0.54114795
0.5862048
0.57649446
0.5463433
0.3946561
0.5320696
0.5760014
0.659465
0.6012004
0.52400666
0.6145438
0.69157267
0.6436034
0.6651254
0.5773106
0.5636882
0.61118644
0.5503556
0.99999994
0.5604888
0.57903093
0.69640785
0.65359664
0.6208078
0.7191452
0.6199947
0.6518723
0.7027982
0.69746387
0.5417119
0.69780296
0.620081
0.63940734
0.62928057
0.690868
0.53955334
0.6805083
0.61260396
0.6907935
0.63520855
0.6580331
0.552118
0.4840532
0.55699563
0.674261
0.67376256
0.68687475
0.59389377
0.6390923
0.6289332
0.55928904
0.69242346
0.7518892
0.5365204
0.517953
0.5655609
0.6983308
0.5678965
0.5421324
0.5815796
0.5803022
0.58003557
0.6390279
0.70315945
0.6700953
0.573725
0.6372672
0.598417
0.63608193
0.6097328
0.62636584
0.53155106
0.5121522
0.3944968
0.61882246
0.7146618
0.6404343
0.6338666
0.6881795
0.42141536
0.68888223
0.77143395
0.7162931
0.72108483
0.5687836
0.6598893
0.67846614
0.6286049
0.6468094
0.6541108
0.6272709
0.5980181
0.6652696
0.58225363
0.6070287
0.59326446
0.6291681
0.6484505
0.7276341
0.62547493
0.4542373
0.65047866
0.7330341
0.7174062
0.6766367
0.6308982
0.6206395
0.65191406
0.6747343
0.5604888
1.0
0.4813018
0.7412958
0.68985
0.66443413
0.7310017
0.6902381
0.7554596
0.7865073
0.7979443
0.6142581
0.7744688
0.67233104
0.7312995
0.64068437
0.6919344
0.55764395
0.75759256
0.68589085
0.7505953
0.6684951
0.7809459
0.58371496
0.5320573
0.59630424
0.64451844
0.69342595
0.59778696
0.59930897
0.5900077
0.6409971
0.64427435
0.61660874
0.65814227
0.6566432
0.6402221
0.5578693
0.5954468
0.66787755
0.5972207
0.6330274
0.55518806
0.62068117
0.6894728
0.6620133
0.712667
0.7313344
0.74676406
0.6704164
0.7343381
0.71584964
0.72289455
0.67868274
0.6339015
0.5148741
0.54804474
0.4764199
0.41663083
0.43640932
0.52080446
0.5450504
0.586024
0.6330214
0.6408008
0.60479164
0.38043723
0.45681238
0.49648905
0.36450326
0.6440561
0.5064228
0.3935474
0.35824993
0.48363927
0.514732
0.35544538
0.3055189
0.31982276
0.530472
0.7468815
0.40951675
0.54779893
0.4950129
0.67250115
0.5625509
0.6137248
0.3878063
0.54002047
0.5953983
0.43164328
0.57903093
0.4813018
1.0
0.7046283
0.64458215
0.5926039
0.6028621
0.5445855
0.55066794
0.57474774
0.59737736
0.4220538
0.60152423
0.52594715
0.5145263
0.510275
0.7064469
0.4753127
0.6583371
0.46500817
0.6347139
0.567812
0.5240917
0.5878453
0.45939195
0.4944898
0.6261743
0.64267033
0.57989836
0.538884
0.54588497
0.5623922
0.4986836
0.6257185
0.50183886
0.42191973
0.44986817
0.4754488
0.4531381
0.46166116
0.46096224
0.5107498
0.5819366
0.5245857
0.54094934
0.587751
0.6181989
0.47685513
0.51128
0.51899636
0.5283617
0.4871998
0.53769225
0.44764724
0.42523935
0.36370865
0.70340973
0.8016938
0.6849017
0.670079
0.76788133
0.53575355
0.81734514
0.91599256
0.8167961
0.8310071
0.6007131
0.7397762
0.77844244
0.62848353
0.82356054
0.76931816
0.64116764
0.6195053
0.6681844
0.65415746
0.6260525
0.53956926
0.5870484
0.7552497
0.90104234
0.70405513
0.5784825
0.7387094
0.90917283
0.7639224
0.79255617
0.6721016
0.7280232
0.7455856
0.7040621
0.69640785
0.7412958
0.7046283
0.99999994
0.8250439
0.7224947
0.88281184
0.6973233
0.8804859
0.88357514
0.8866947
0.6856918
0.8848736
0.74008703
0.7944746
0.74659693
0.8812576
0.5909297
0.91368383
0.7823873
0.90966564
0.72244126
0.8515596
0.7021468
0.6372583
0.6682881
0.83552873
0.8858
0.7009911
0.6875563
0.7185368
0.73886174
0.71926934
0.7151864
0.69890946
0.64505374
0.6540042
0.62872434
0.64537764
0.67734534
0.68134874
0.7092231
0.6525637
0.6802248
0.8037735
0.8197625
0.8673809
0.80139875
0.7967646
0.7684456
0.83094025
0.79899794
0.8396256
0.71021616
0.64403594
0.5518481
0.69581556
0.7708419
0.7012511
0.6985972
0.74769926
0.52864385
0.78488517
0.8326895
0.7816524
0.7629097
0.5780559
0.7185118
0.7640597
0.6460442
0.7457239
0.76513106
0.6912469
0.63786983
0.6573317
0.6863916
0.63852227
0.5725384
0.60266984
0.70837075
0.8015105
0.70696574
0.5388772
0.6850618
0.9069177
0.7446293
0.751126
0.63592184
0.7131888
0.72529787
0.644863
0.65359664
0.68985
0.64458215
0.8250439
1.0
0.7226156
0.79429954
0.6964413
0.78361565
0.8046667
0.8264051
0.60468525
0.8172052
0.7062223
0.7183095
0.69710207
0.8075046
0.5783218
0.8303988
0.694782
0.82879746
0.6980494
0.77745175
0.7247287
0.65863174
0.701259
0.7474468
0.77411383
0.6713026
0.7026672
0.7082403
0.7093475
0.6770696
0.6911533
0.6417562
0.63265675
0.6320014
0.6164275
0.59684175
0.6708946
0.64936674
0.6975128
0.66734505
0.6563662
0.74080306
0.75309664
0.766402
0.74633145
0.75048035
0.755383
0.7688507
0.75818354
0.7800219
0.6980308
0.65031517
0.6035829
0.6950827
0.7014429
0.68947375
0.6493845
0.6954892
0.4988471
0.71523964
0.78727955
0.893372
0.72602695
0.6464226
0.69564044
0.726521
0.6870626
0.693911
0.71501946
0.63219225
0.6615125
0.6878401
0.67170894
0.6717232
0.49716714
0.65151936
0.63218886
0.7517295
0.6497888
0.46132863
0.61844736
0.76666194
0.71169543
0.7242418
0.6460111
0.66022277
0.61984235
0.62108594
0.6208078
0.66443413
0.5926039
0.7224947
0.7226156
1.0
0.7496667
0.83045727
0.7005433
0.75405335
0.77618986
0.58568114
0.7625269
0.6454788
0.67482406
0.6533684
0.7740087
0.6491884
0.748284
0.61791146
0.7687848
0.84168273
0.72649115
0.77411485
0.57771903
0.6303841
0.6550974
0.6722018
0.73472035
0.67007375
0.68319213
0.71371186
0.6166178
0.6802158
0.6431356
0.6125424
0.6223109
0.6227253
0.5892796
0.6566363
0.6254888
0.67988133
0.71489835
0.6411375
0.69746983
0.70694983
0.73748004
0.6608277
0.66678625
0.6626215
0.68583417
0.67282087
0.69087654
0.63931495
0.5853099
0.52309006
0.6977629
0.8039792
0.71862376
0.6838993
0.7745287
0.50001216
0.7913717
0.9094969
0.8160361
0.81518406
0.6428774
0.74982214
0.8738804
0.6931754
0.79189926
0.7833931
0.6661595
0.666426
0.67842853
0.6169287
0.6871181
0.5374036
0.6615186
0.723621
0.8421525
0.7307845
0.56022316
0.78586334
0.88434786
0.7444384
0.7918499
0.733274
0.6896443
0.74100935
0.7300474
0.7191452
0.7310017
0.6028621
0.88281184
0.79429954
0.7496667
1.0
0.70336795
0.8744504
0.89127475
0.91975754
0.6906243
0.89829546
0.7476204
0.81431997
0.7494956
0.8534308
0.6139501
0.8852172
0.7896628
0.8890879
0.73029965
0.87083024
0.701662
0.6438251
0.6810852
0.7977642
0.8415424
0.7091574
0.6503811
0.7250514
0.7462459
0.706198
0.70240986
0.7446546
0.6391047
0.67025995
0.6499021
0.68771464
0.6804197
0.7045182
0.73600477
0.6719394
0.66901594
0.9071299
0.90783125
0.84607035
0.7985885
0.7873462
0.76775014
0.8309333
0.7943586
0.83665156
0.723388
0.6529404
0.5599624
0.70369136
0.71816766
0.7134801
0.6914507
0.6998001
0.48145023
0.7217145
0.7606721
0.8696667
0.6878685
0.67870814
0.710912
0.725471
0.7319796
0.66760945
0.742276
0.6849076
0.71509695
0.6998854
0.6884131
0.6971881
0.6063948
0.69310457
0.6575833
0.73441434
0.6773178
0.47237203
0.6120156
0.7269689
0.7078264
0.7467067
0.6393766
0.69711107
0.62381
0.624741
0.6199947
0.6902381
0.5445855
0.6973233
0.6964413
0.83045727
0.70336795
1.0
0.68420595
0.74599963
0.7738029
0.5888414
0.76401246
0.65546536
0.6796523
0.62628025
0.71496046
0.6674921
0.7222821
0.6121008
0.7476265
0.96485585
0.71996593
0.7740247
0.5931273
0.6527259
0.62861776
0.65133923
0.73512363
0.6961306
0.7288032
0.7454107
0.64867604
0.72516894
0.6565975
0.6250237
0.68190193
0.5976909
0.64454395
0.6730609
0.6458331
0.70012045
0.7335231
0.69527334
0.6743719
0.6604192
0.7047213
0.71084934
0.69146717
0.6677009
0.6695223
0.70189285
0.6734422
0.7254855
0.6684408
0.6130473
0.6805515
0.9027551
0.70814794
0.6660024
0.769432
0.4782593
0.77348113
0.9068566
0.7998192
0.7905871
0.6211273
0.7447174
0.779662
0.6756528
0.7851757
0.77448773
0.64726806
0.6569303
0.6883278
0.61017996
0.6760546
0.5611508
0.64731574
0.7275446
0.8428274
0.8073693
0.47606194
0.75843453
0.8612185
0.743316
0.77911854
0.70875025
0.6871734
0.704875
0.726143
0.6518723
0.7554596
0.55066794
0.8804859
0.78361565
0.7005433
0.8744504
0.68420595
0.99999994
0.892445
0.9065215
0.6807644
0.89109254
0.7240978
0.81408656
0.73874724
0.8166177
0.5913579
0.888702
0.9012292
0.87564206
0.70612156
0.8747369
0.692106
0.65833014
0.6599915
0.7946024
0.85385287
0.66986716
0.64796174
0.7219484
0.73912466
0.6993038
0.6585292
0.7003327
0.63286513
0.6558755
0.63373613
0.65429264
0.6814112
0.7022927
0.71934533
0.63399357
0.643047
0.80641043
0.7964116
0.94216126
0.90254396
0.8891278
0.84809154
0.938874
0.90391165
0.9352207
0.71185535
0.6284927
0.5657787
0.71656036
0.8462262
0.77346444
0.7586091
0.812912
0.48955637
0.822796
0.9452346
0.85038346
0.84576774
0.6344248
0.79394734
0.82441556
0.709953
0.81665194
0.8095804
0.7111643
0.6872485
0.7246731
0.65145254
0.69233555
0.5890578
0.68630135
0.77800936
0.8618873
0.7680539
0.50867254
0.8369968
0.88831204
0.8057412
0.8110913
0.7501186
0.7095519
0.75434375
0.7427443
0.7027982
0.7865073
0.57474774
0.88357514
0.8046667
0.75405335
0.89127475
0.74599963
0.892445
0.99999994
0.936548
0.720725
0.93809783
0.80439216
0.86314744
0.76758415
0.8537012
0.6299227
0.8988329
0.80063987
0.9176516
0.76397574
0.93610823
0.73310304
0.6873826
0.7063754
0.7844051
0.83967155
0.69847095
0.6863055
0.74490887
0.75127095
0.7332261
0.68190753
0.7159709
0.6670733
0.6825513
0.63136965
0.65323234
0.7149141
0.69734085
0.7200907
0.67286384
0.6735358
0.81126916
0.8107206
0.85057795
0.81921756
0.8201056
0.7823141
0.8304211
0.82282174
0.8270277
0.7596796
0.70470595
0.60053104
0.7250336
0.8565101
0.77688897
0.74062955
0.82132965
0.5050592
0.81531876
0.95023465
0.85466576
0.82660973
0.6884234
0.7945145
0.84472144
0.73591834
0.79758435
0.840339
0.72414905
0.71952635
0.7364744
0.66586834
0.73113054
0.6283388
0.70910794
0.79577845
0.8641433
0.7836659
0.52919567
0.8083706
0.90880483
0.790562
0.81981295
0.7636053
0.7377195
0.7461102
0.7451567
0.69746387
0.7979443
0.59737736
0.8866947
0.8264051
0.77618986
0.91975754
0.7738029
0.9065215
0.936548
0.99999994
0.7051215
0.94641274
0.7813683
0.84543604
0.7893048
0.8754514
0.6584554
0.9082571
0.82998556
0.92917037
0.7919358
0.9214283
0.75165355
0.7044925
0.7457067
0.81165254
0.8527991
0.72574323
0.70126677
0.7794705
0.78922373
0.7534583
0.71423215
0.73751146
0.6917819
0.7046533
0.6711708
0.69040054
0.72327286
0.7240685
0.7671327
0.70286316
0.68981946
0.84609324
0.8511945
0.8746893
0.853236
0.85366356
0.82051986
0.85818386
0.85141325
0.85675174
0.79481834
0.7116693
0.6405343
0.5457756
0.65597683
0.590066
0.5433388
0.61241794
0.43109563
0.6495648
0.7121032
0.60792845
0.6568172
0.47815782
0.59904766
0.6487304
0.5511639
0.62640846
0.60535645
0.55884176
0.5447516
0.54287434
0.51831937
0.5687374
0.4989473
0.55061805
0.5827834
0.680347
0.58226484
0.4302013
0.60685164
0.66939354
0.6273782
0.6281193
0.5861132
0.5575836
0.5210461
0.5830848
0.5417119
0.6142581
0.4220538
0.6856918
0.60468525
0.58568114
0.6906243
0.5888414
0.6807644
0.720725
0.7051215
1.0
0.6843112
0.5491213
0.71668226
0.59959066
0.6581345
0.466758
0.6870127
0.6316406
0.6954136
0.58944136
0.71485484
0.5241131
0.50645626
0.5279581
0.61157554
0.6359559
0.586213
0.55364573
0.57955
0.5923688
0.5713938
0.5488207
0.5832738
0.52459526
0.5561187
0.51165324
0.5212002
0.5662952
0.57687485
0.552824
0.4957413
0.566962
0.6489176
0.6453844
0.6651397
0.65642846
0.6175547
0.60314023
0.66072804
0.6343873
0.6555677
0.5980422
0.5223752
0.48216736
0.7320781
0.83962345
0.7690177
0.75878453
0.81117153
0.50232106
0.8154804
0.9377744
0.85207254
0.83812124
0.64807755
0.77926785
0.82339954
0.7078396
0.8062111
0.82761085
0.7117385
0.6953057
0.71983945
0.66863096
0.7031314
0.6123015
0.67302305
0.7796975
0.8574729
0.7687841
0.5350318
0.81195843
0.89495033
0.7895212
0.8232257
0.73954225
0.7220662
0.760631
0.73225933
0.69780296
0.7744688
0.60152423
0.8848736
0.8172052
0.7625269
0.89829546
0.76401246
0.89109254
0.93809783
0.94641274
0.6843112
1.0
0.8134065
0.8442638
0.7779666
0.86409175
0.62773734
0.90317744
0.8142057
0.9138737
0.78386897
0.90677136
0.74779105
0.69372374
0.7602502
0.805449
0.8475107
0.72917557
0.70112205
0.7662681
0.76827663
0.73708194
0.71756893
0.7297223
0.65362436
0.67923844
0.6527044
0.6752569
0.70079964
0.72090113
0.75565916
0.6903172
0.68844986
0.82933897
0.83244663
0.8545553
0.83141065
0.82150006
0.7947563
0.82832247
0.831655
0.8369738
0.8234026
0.72762096
0.6217442
0.60494983
0.6789814
0.6309613
0.86296844
0.6691762
0.38489652
0.67105764
0.77799517
0.7326935
0.74848086
0.5349809
0.651602
0.6785558
0.5585712
0.7009541
0.675495
0.5999276
0.5628985
0.6125868
0.5514031
0.5377396
0.5228268
0.5519928
0.6260175
0.7191085
0.6623651
0.48094872
0.80138767
0.7466075
0.6393498
0.69110686
0.5980959
0.62589186
0.6807213
0.6033659
0.620081
0.67233104
0.52594715
0.74008703
0.7062223
0.6454788
0.7476204
0.65546536
0.7240978
0.80439216
0.7813683
0.5491213
0.8134065
1.0
0.76616687
0.6208887
0.72949046
0.5008283
0.77784294
0.6702943
0.7722691
0.6561297
0.7987808
0.6621433
0.61752236
0.6415366
0.658009
0.7175586
0.6078141
0.5849811
0.6218647
0.6650545
0.5835929
0.5935402
0.605966
0.539856
0.56003195
0.520929
0.56199634
0.5486298
0.56344795
0.61593235
0.56401366
0.56943977
0.6702451
0.6683575
0.68676925
0.67521566
0.6849777
0.6645789
0.69906765
0.67194337
0.6838287
0.6691856
0.8645774
0.54729354
0.6677218
0.75113636
0.67492557
0.69158053
0.7265305
0.4078237
0.7322207
0.8371455
0.76409775
0.75046885
0.55427986
0.69434166
0.7294993
0.6355073
0.7567439
0.72220844
0.63476574
0.6107383
0.6500836
0.5750007
0.61066514
0.52748334
0.62398237
0.6755911
0.78715074
0.72080916
0.4579589
0.81881475
0.7900536
0.68593544
0.73213106
0.6710599
0.6749503
0.6710466
0.68986124
0.63940734
0.7312995
0.5145263
0.7944746
0.7183095
0.67482406
0.81431997
0.6796523
0.81408656
0.86314744
0.84543604
0.71668226
0.8442638
0.76616687
0.99999994
0.68389434
0.7611484
0.58082616
0.79478663
0.7567127
0.81998545
0.68860966
0.8877999
0.683516
0.6526357
0.6611692
0.70349824
0.75645405
0.6500382
0.5892704
0.65440476
0.68923897
0.6556949
0.6188483
0.67772055
0.61072034
0.643808
0.5878132
0.614129
0.6400398
0.65340656
0.6689034
0.6279381
0.6117767
0.7536292
0.7356635
0.7702471
0.74561113
0.7751495
0.73273593
0.77265143
0.7358185
0.76761425
0.68223166
0.66703314
0.56601185
0.6249756
0.7110167
0.6695063
0.6070933
0.7008306
0.46357068
0.7116864
0.7965814
0.6889372
0.7254166
0.55196524
0.6529681
0.70308083
0.6232053
0.69863665
0.66606134
0.60242856
0.5655899
0.5887738
0.5904219
0.5806017
0.5234427
0.5638471
0.6873132
0.69740283
0.63568765
0.48101234
0.6684037
0.77568907
0.7175539
0.6789857
0.60732466
0.61149514
0.6190194
0.5962403
0.62928057
0.64068437
0.510275
0.74659693
0.69710207
0.6533684
0.7494956
0.62628025
0.73874724
0.76758415
0.7893048
0.59959066
0.7779666
0.6208887
0.68389434
1.0
0.73427314
0.543617
0.74619013
0.64633137
0.7804498
0.6409668
0.7426771
0.6031317
0.57453984
0.6445414
0.90028214
0.7203276
0.63485634
0.6051237
0.6643515
0.66474384
0.6345841
0.61950815
0.63243306
0.57084775
0.584328
0.57136774
0.5942785
0.60141826
0.59565985
0.6566506
0.5795028
0.56857854
0.6931585
0.935074
0.7325995
0.68443656
0.7257009
0.69511807
0.70113015
0.683577
0.716644
0.6382694
0.55440515
0.50912976
0.70420206
0.77875507
0.71729445
0.6944994
0.7742896
0.53934354
0.8068534
0.8903487
0.8319077
0.79432833
0.5987736
0.75913984
0.78764945
0.66892266
0.7739598
0.7829751
0.6623654
0.6607517
0.64985263
0.6898159
0.6685597
0.53132087
0.6208879
0.7228279
0.85644495
0.69366735
0.56918675
0.7294359
0.8984061
0.7292751
0.79627514
0.70575553
0.71026844
0.7124744
0.691981
0.690868
0.6919344
0.7064469
0.8812576
0.8075046
0.7740087
0.8534308
0.71496046
0.8166177
0.8537012
0.8754514
0.6581345
0.86409175
0.72949046
0.7611484
0.73427314
1.0
0.67621017
0.88680226
0.7337291
0.88030905
0.74357563
0.8252489
0.74617517
0.6628408
0.6794301
0.7841463
0.8144805
0.7014432
0.7285858
0.73392826
0.7347675
0.69973326
0.7267405
0.6984485
0.68101555
0.66901535
0.66083455
0.64428353
0.7147394
0.6914773
0.73566365
0.6994262
0.69073004
0.77838016
0.803537
0.81772214
0.74274695
0.7414558
0.73974705
0.7755409
0.75591975
0.7912365
0.6902661
0.63150334
0.5679519
0.5610539
0.63025916
0.6405718
0.5603119
0.60345924
0.46547663
0.60724473
0.6378142
0.6862916
0.58579
0.52883756
0.63525164
0.64231795
0.63398534
0.59647745
0.59361166
0.59504807
0.619735
0.5955687
0.56040835
0.61666006
0.47375253
0.61139274
0.5247126
0.5866025
0.570682
0.38690183
0.5231607
0.6429411
0.594891
0.5857984
0.60666466
0.5999395
0.49776748
0.55460596
0.53955334
0.55764395
0.4753127
0.5909297
0.5783218
0.6491884
0.6139501
0.6674921
0.5913579
0.6299227
0.6584554
0.466758
0.62773734
0.5008283
0.58082616
0.543617
0.67621017
1.0
0.6170111
0.5267971
0.65951204
0.66967034
0.6153858
0.64067125
0.53028005
0.5401274
0.5362651
0.54051125
0.55059874
0.5617029
0.5739921
0.5812156
0.5456094
0.5537059
0.55382365
0.6175853
0.59573233
0.5676849
0.533948
0.6422584
0.54797333
0.6367341
0.6056032
0.5392483
0.6070053
0.58757305
0.60851973
0.59103054
0.5995708
0.5735133
0.5661906
0.58772874
0.5709552
0.5718427
0.4973609
0.51548725
0.70039165
0.82355666
0.72037196
0.7159385
0.7966391
0.5087173
0.8164538
0.9173675
0.822892
0.84293705
0.60540116
0.7730986
0.7976119
0.6547562
0.8106417
0.78541034
0.6734546
0.6461187
0.6972084
0.6436074
0.65956694
0.54979026
0.63296664
0.7620856
0.88212794
0.7382374
0.5641095
0.75733876
0.9087584
0.79906005
0.8004375
0.71352184
0.73229796
0.76461935
0.72680146
0.6805083
0.75759256
0.6583371
0.91368383
0.8303988
0.748284
0.8852172
0.7222821
0.888702
0.8988329
0.9082571
0.6870127
0.90317744
0.77784294
0.79478663
0.74619013
0.88680226
0.6170111
1.0
0.7872923
0.90774935
0.7496871
0.86710095
0.7082678
0.6510758
0.69813675
0.8149156
0.86970997
0.70399594
0.68319947
0.72297144
0.7523753
0.732016
0.6981101
0.71194625
0.62655056
0.6731574
0.654737
0.6619971
0.6817675
0.6878897
0.7227265
0.6711836
0.6781676
0.8126773
0.8131134
0.8596201
0.8042017
0.8043654
0.789787
0.84379077
0.8027992
0.8445436
0.718111
0.6694868
0.5575521
0.61194164
0.8233186
0.6528822
0.6246867
0.6825935
0.4229414
0.6955758
0.81574345
0.7171696
0.6957386
0.5611873
0.6820964
0.714834
0.6626469
0.74181163
0.7202235
0.59113896
0.6559606
0.6286546
0.5186465
0.6781247
0.49933565
0.6453744
0.66192544
0.74013364
0.761165
0.45806536
0.7166361
0.7586115
0.6447414
0.6973827
0.6692187
0.61867166
0.65093154
0.6579965
0.61260396
0.68589085
0.46500817
0.7823873
0.694782
0.61791146
0.7896628
0.6121008
0.9012292
0.80063987
0.82998556
0.6316406
0.8142057
0.6702943
0.7567127
0.64633137
0.7337291
0.5267971
0.7872923
1.0
0.7828281
0.6273553
0.8022366
0.62170136
0.5881514
0.6128355
0.70437944
0.7650113
0.59327966
0.54755527
0.64801705
0.64834154
0.64258593
0.60010165
0.6333403
0.5667146
0.5941321
0.5977703
0.59038275
0.6110222
0.6381826
0.6496857
0.56301796
0.5813777
0.74489737
0.70999587
0.8308326
0.8078671
0.8202239
0.77347326
0.8452992
0.82796186
0.8407736
0.6424794
0.5742492
0.49911487
0.70518863
0.8488581
0.7882684
0.75352734
0.8375334
0.53104836
0.8526497
0.93106
0.8526163
0.83359796
0.6434274
0.81634796
0.84077215
0.72606266
0.8321935
0.82758504
0.7175393
0.71294165
0.70571166
0.66855425
0.7130996
0.5983563
0.68490237
0.77392447
0.8883695
0.7648119
0.53504
0.80245996
0.91336006
0.7955091
0.7873087
0.7322346
0.75124866
0.7602316
0.7408405
0.6907935
0.7505953
0.6347139
0.90966564
0.82879746
0.7687848
0.8890879
0.7476265
0.87564206
0.9176516
0.92917037
0.6954136
0.9138737
0.7722691
0.81998545
0.7804498
0.88030905
0.65951204
0.90774935
0.7828281
1.0
0.77225924
0.8900914
0.73978966
0.67522824
0.7140804
0.8199631
0.85877484
0.70181596
0.6987538
0.7446682
0.7510861
0.74283504
0.6963255
0.72125757
0.6819658
0.6900405
0.65652883
0.66593844
0.7268524
0.7166627
0.7452945
0.6685886
0.67222625
0.82713896
0.8313807
0.84013444
0.82038814
0.8066856
0.7876972
0.81175715
0.8170034
0.8267515
0.7625036
0.6971453
0.6099651
0.70065624
0.7127984
0.69538474
0.66537774
0.6955075
0.501063
0.7097613
0.78596866
0.89349407
0.6969802
0.6625853
0.69998044
0.71991956
0.71881956
0.6904608
0.7275128
0.64368474
0.69787055
0.69989014
0.6622403
0.69126934
0.4917296
0.66777617
0.67749995
0.76078457
0.65763694
0.46474558
0.6204838
0.74846715
0.72403723
0.7603047
0.6603257
0.69541544
0.630788
0.6246089
0.63520855
0.6684951
0.567812
0.72244126
0.6980494
0.84168273
0.73029965
0.96485585
0.70612156
0.76397574
0.7919358
0.58944136
0.78386897
0.6561297
0.68860966
0.6409668
0.74357563
0.66967034
0.7496871
0.6273553
0.77225924
1.0
0.7330477
0.7852661
0.5918457
0.6450718
0.6484015
0.67192024
0.7476919
0.6781856
0.7358499
0.74979824
0.65829265
0.71980435
0.6559738
0.595338
0.67129093
0.5919521
0.6334769
0.6526706
0.65784746
0.70461583
0.75563526
0.68251973
0.70104927
0.6848361
0.728939
0.6629152
0.6890353
0.66829646
0.67603767
0.6630412
0.6805299
0.65154487
0.5907064
0.5309375
0.70897776
0.83154833
0.7575116
0.75366944
0.80258226
0.44181946
0.80477875
0.9175079
0.82239735
0.8126576
0.6238691
0.7744093
0.8083865
0.70515335
0.7787517
0.78303134
0.70852154
0.68521976
0.713285
0.6356013
0.6947109
0.57576877
0.68778735
0.7453769
0.82784855
0.77386713
0.48010653
0.8387813
0.8658922
0.77273625
0.7915462
0.73933464
0.6940796
0.7259476
0.7364004
0.6580331
0.7809459
0.5240917
0.8515596
0.77745175
0.72649115
0.87083024
0.71996593
0.8747369
0.93610823
0.9214283
0.71485484
0.90677136
0.7987808
0.8877999
0.7426771
0.8252489
0.6153858
0.86710095
0.8022366
0.8900914
0.7330477
0.99999994
0.7110395
0.6748235
0.6891565
0.752373
0.8095653
0.6831548
0.66225386
0.7081021
0.741978
0.7105771
0.6645585
0.70307153
0.6564148
0.67497456
0.61861295
0.6356541
0.7006856
0.68005115
0.7205033
0.6438025
0.66142446
0.8074008
0.78622925
0.8187164
0.80176336
0.8152776
0.77036625
0.827123
0.79594004
0.81879956
0.7335682
0.69767725
0.5880154
0.6227561
0.7080527
0.6827139
0.6772289
0.69577974
0.44437128
0.6996809
0.7446833
0.87731946
0.66681385
0.57318485
0.6925696
0.7057044
0.6515522
0.65011364
0.7508367
0.6667548
0.6549736
0.6514665
0.5935972
0.6413143
0.5031094
0.63535184
0.62293786
0.73606
0.65668154
0.4039667
0.6310396
0.74656665
0.6318273
0.6879018
0.6094704
0.6995725
0.60113597
0.5740891
0.552118
0.58371496
0.5878453
0.7021468
0.7247287
0.77411485
0.701662
0.7740247
0.692106
0.73310304
0.75165355
0.5241131
0.74779105
0.6621433
0.683516
0.6031317
0.74617517
0.64067125
0.7082678
0.62170136
0.73978966
0.7852661
0.7110395
0.99999994
0.90836936
0.6617539
0.61226994
0.64480394
0.6083624
0.6159345
0.67914826
0.663634
0.5885154
0.62978107
0.5617038
0.5589709
0.58542943
0.5691908
0.5218206
0.59849596
0.6187585
0.66695386
0.6864831
0.58452386
0.6390538
0.6468324
0.71626014
0.65154517
0.66521895
0.688742
0.66788685
0.68149334
0.6655533
0.62573385
0.5964459
0.78206676
0.5400023
0.66543156
0.63480794
0.6256514
0.6523141
0.36417103
0.64930654
0.6844466
0.66322523
0.5973507
0.50433177
0.6350757
0.6445359
0.55658025
0.5805879
0.7026382
0.6390082
0.55838144
0.5813234
0.5037139
0.5552945
0.4962799
0.5605973
0.5715198
0.6470277
0.6204059
0.3484492
0.60379434
0.6881476
0.5415586
0.6024546
0.53888196
0.637823
0.54553634
0.53431296
0.4840532
0.5320573
0.45939195
0.6372583
0.65863174
0.57771903
0.6438251
0.5931273
0.65833014
0.6873826
0.7044925
0.50645626
0.69372374
0.61752236
0.6526357
0.57453984
0.6628408
0.53028005
0.6510758
0.5881514
0.67522824
0.5918457
0.6748235
0.90836936
1.0
0.61685115
0.573599
0.6052699
0.51779556
0.5257299
0.6132488
0.5868071
0.5307817
0.5324642
0.5132814
0.49737653
0.5243068
0.5179832
0.47942948
0.52071786
0.56027657
0.58780205
0.5654526
0.501983
0.570519
0.5944751
0.6662615
0.62198967
0.62902635
0.65347713
0.63736767
0.65457493
0.6327468
0.585108
0.56002235
0.854095
0.57001513
0.70099247
0.68825006
0.6834685
0.689144
0.4303047
0.7195504
0.72637624
0.6873881
0.6544523
0.57275397
0.668081
0.7110606
0.63174796
0.6536661
0.711259
0.6728539
0.6385013
0.6314911
0.5886702
0.6430808
0.53337914
0.6258642
0.72245467
0.66988283
0.6659642
0.44666302
0.6413388
0.72218037
0.6480155
0.64747316
0.53515476
0.7636978
0.61601114
0.5243176
0.55699563
0.59630424
0.4944898
0.6682881
0.701259
0.6303841
0.6810852
0.6527259
0.6599915
0.7063754
0.7457067
0.5279581
0.7602502
0.6415366
0.6611692
0.6445414
0.6794301
0.5401274
0.69813675
0.6128355
0.7140804
0.6450718
0.6891565
0.6617539
0.61685115
1.0000001
0.65527695
0.65543
0.57074654
0.62498146
0.643888
0.6452043
0.64713037
0.6291602
0.53517896
0.5355684
0.5411033
0.5686392
0.5114884
0.5615596
0.6049874
0.596723
0.62945026
0.53195375
0.62675524
0.66903377
0.6425787
0.6478772
0.756642
0.9313992
0.64916563
0.6515413
0.6729161
0.6669686
0.6080225
0.5808552
0.62871
0.7250758
0.63697475
0.59926915
0.69286686
0.50715584
0.743709
0.83062303
0.70530814
0.74908924
0.54471886
0.6401939
0.70509166
0.57494915
0.76900655
0.66196233
0.57516265
0.5394941
0.5840387
0.5830257
0.5428187
0.49743712
0.5129339
0.68177116
0.79476446
0.63923407
0.54017806
0.6705575
0.83442557
0.72253895
0.69428414
0.6024843
0.6661668
0.67853785
0.6168002
0.674261
0.64451844
0.6261743
0.83552873
0.7474468
0.6550974
0.7977642
0.62861776
0.7946024
0.7844051
0.81165254
0.61157554
0.805449
0.658009
0.70349824
0.90028214
0.7841463
0.5362651
0.8149156
0.70437944
0.8199631
0.6484015
0.752373
0.61226994
0.573599
0.65527695
1.0
0.9252421
0.64385647
0.60380286
0.66651535
0.6864618
0.641071
0.6624893
0.6593897
0.5577799
0.5855918
0.5923168
0.62193877
0.60309094
0.593549
0.66239274
0.5829239
0.5892729
0.7307531
0.9008155
0.8001576
0.7249049
0.75773484
0.73221904
0.7635673
0.72200847
0.7700213
0.6482805
0.57519084
0.49886528
0.6431246
0.76613426
0.6501439
0.63646567
0.715829
0.49782467
0.76971215
0.8739573
0.7510926
0.7785161
0.5710529
0.6766077
0.7312396
0.5808457
0.79277897
0.70092607
0.5999481
0.57194173
0.6231578
0.5846366
0.5692781
0.51158965
0.5415646
0.6908467
0.8642166
0.67414844
0.536199
0.7052555
0.86611676
0.7248749
0.7287196
0.6444866
0.7053797
0.7160696
0.6689651
0.67376256
0.69342595
0.64267033
0.8858
0.77411383
0.6722018
0.8415424
0.65133923
0.85385287
0.83967155
0.8527991
0.6359559
0.8475107
0.7175586
0.75645405
0.7203276
0.8144805
0.54051125
0.86970997
0.7650113
0.85877484
0.67192024
0.8095653
0.64480394
0.6052699
0.65543
0.9252421
1.0
0.64415586
0.61638725
0.67235947
0.70641965
0.65812373
0.6689645
0.6781169
0.577198
0.60479873
0.60138273
0.63372123
0.63085973
0.6152196
0.66778284
0.59114575
0.6158448
0.76335466
0.7857244
0.8398543
0.77815074
0.7799628
0.7562649
0.8175778
0.7713053
0.808912
0.68217427
0.6256018
0.52631
0.8295279
0.6533093
0.61815965
0.59362006
0.6588392
0.5265579
0.66722405
0.73044497
0.70108074
0.6748125
0.6128492
0.62981737
0.66928345
0.5943586
0.6587757
0.6652666
0.60442334
0.5763292
0.66598576
0.76817924
0.5654774
0.4757633
0.56482995
0.6084442
0.6963771
0.5932256
0.52564347
0.5948775
0.7281395
0.656897
0.8927087
0.55624443
0.60190624
0.6260952
0.5598174
0.68687475
0.59778696
0.57989836
0.7009911
0.6713026
0.73472035
0.7091574
0.73512363
0.66986716
0.69847095
0.72574323
0.586213
0.72917557
0.6078141
0.6500382
0.63485634
0.7014432
0.55059874
0.70399594
0.59327966
0.70181596
0.7476919
0.6831548
0.6083624
0.51779556
0.57074654
0.64385647
0.64415586
1.0
0.78074807
0.8027451
0.8209572
0.58103496
0.825503
0.682689
0.53401375
0.5762483
0.577611
0.63977724
0.5645224
0.5640122
0.67172354
0.7675175
0.78190666
0.65583825
0.68810326
0.6978028
0.6232326
0.66444546
0.6077611
0.66262937
0.6156613
0.6543624
0.59986866
0.54195875
0.46231624
0.77122957
0.7157414
0.7073735
0.6701215
0.7132202
0.5042668
0.73534286
0.72051626
0.70278376
0.6433575
0.67100215
0.6962512
0.7155668
0.652054
0.61600554
0.71781033
0.6967069
0.6605888
0.64796495
0.94723564
0.63968927
0.586289
0.62951094
0.6284949
0.68664825
0.6661872
0.44687736
0.5597088
0.7472104
0.65476215
0.8575212
0.53816396
0.6314363
0.574264
0.5205985
0.59389377
0.59930897
0.538884
0.6875563
0.7026672
0.67007375
0.6503811
0.6961306
0.64796174
0.6863055
0.70126677
0.55364573
0.70112205
0.5849811
0.5892704
0.6051237
0.7285858
0.5617029
0.68319947
0.54755527
0.6987538
0.6781856
0.66225386
0.6159345
0.5257299
0.62498146
0.60380286
0.61638725
0.78074807
1.0
0.7798227
0.7895348
0.5713877
0.7653543
0.5584969
0.6625561
0.54187846
0.55387825
0.5348916
0.64967686
0.55580837
0.64386505
0.7254327
0.75407374
0.61531645
0.62305695
0.6422317
0.6668237
0.64628017
0.6486974
0.6349859
0.63341135
0.63589835
0.6619473
0.5967001
0.5444094
0.80182177
0.7312191
0.6860222
0.6470069
0.7068985
0.47090927
0.7153327
0.7663309
0.7335133
0.6759686
0.69454056
0.69786406
0.7226853
0.6929826
0.6748454
0.73673946
0.67685443
0.6765317
0.70803785
0.7530944
0.6485222
0.5576597
0.63010585
0.64857936
0.73545444
0.686174
0.48044834
0.6452597
0.76348436
0.6782313
0.8842813
0.58523566
0.6539376
0.62927234
0.5684528
0.6390923
0.5900077
0.54588497
0.7185368
0.7082403
0.68319213
0.7250514
0.7288032
0.7219484
0.74490887
0.7794705
0.57955
0.7662681
0.6218647
0.65440476
0.6643515
0.73392826
0.5739921
0.72297144
0.64801705
0.7446682
0.7358499
0.7081021
0.67914826
0.6132488
0.643888
0.66651535
0.67235947
0.8027451
0.7798227
0.99999994
0.85941935
0.5989732
0.75148815
0.62186545
0.55360085
0.60309225
0.6092333
0.59434706
0.60554147
0.65895337
0.70920837
0.78709793
0.71668595
0.67976606
0.7004081
0.73221874
0.69871277
0.730946
0.6876987
0.69209474
0.77576333
0.69078475
0.66777474
0.58890235
0.57465553
0.81217563
0.7370586
0.68971676
0.6698288
0.71027017
0.5118055
0.7243628
0.78555304
0.74760395
0.72439706
0.69359595
0.6935274
0.7297578
0.69124943
0.6705378
0.71395063
0.6882565
0.68523324
0.7395247
0.7549792
0.6658423
0.522282
0.65465164
0.6573962
0.7493628
0.6786794
0.4980703
0.6395005
0.77261937
0.68580085
0.9088122
0.60500175
0.66467446
0.6310807
0.60443497
0.6289332
0.6409971
0.5623922
0.73886174
0.7093475
0.71371186
0.7462459
0.7454107
0.73912466
0.75127095
0.78922373
0.5923688
0.76827663
0.6650545
0.68923897
0.66474384
0.7347675
0.5812156
0.7523753
0.64834154
0.7510861
0.74979824
0.741978
0.663634
0.5868071
0.6452043
0.6864618
0.70641965
0.8209572
0.7895348
0.85941935
1.0
0.6223407
0.78620833
0.66783476
0.5733293
0.6580768
0.62905294
0.66387755
0.6145933
0.64233583
0.7206817
0.7874121
0.7581936
0.70433563
0.70861673
0.7420859
0.69740576
0.7455988
0.7006279
0.72263104
0.7073326
0.714227
0.64783144
0.6048619
0.534154
0.6017721
0.68767726
0.62715006
0.5887385
0.6901444
0.45304823
0.67861956
0.7397803
0.68342775
0.7126069
0.5723647
0.6641305
0.6796248
0.6060407
0.63429606
0.6408416
0.6008589
0.5752395
0.65218604
0.5524644
0.63390887
0.5111389
0.59742284
0.89210904
0.72058904
0.6491877
0.500747
0.6302139
0.73071444
0.6769835
0.6639088
0.6442584
0.5872115
0.60356104
0.846158
0.55928904
0.64427435
0.4986836
0.71926934
0.6770696
0.6166178
0.706198
0.64867604
0.6993038
0.7332261
0.7534583
0.5713938
0.73708194
0.5835929
0.6556949
0.6345841
0.69973326
0.5456094
0.732016
0.64258593
0.74283504
0.65829265
0.7105771
0.5885154
0.5307817
0.64713037
0.641071
0.65812373
0.58103496
0.5713877
0.5989732
0.6223407
0.99999994
0.76275855
0.77762
0.74395657
0.7649648
0.7240394
0.7317416
0.7899879
0.7727172
0.78866726
0.5515464
0.7468067
0.6740689
0.67034984
0.67502254
0.66473305
0.6845789
0.68752
0.65867245
0.6520431
0.66546506
0.6270049
0.54116124
0.49202028
0.76643807
0.65188146
0.6153047
0.5919036
0.6711488
0.5576631
0.6932587
0.72317916
0.7041006
0.69529504
0.62121594
0.6432035
0.67276406
0.5996665
0.6501448
0.6544274
0.6107642
0.58710957
0.67015076
0.74102294
0.5957809
0.48971555
0.57191336
0.69731975
0.71212375
0.6136689
0.58232635
0.5833829
0.7300271
0.6715542
0.8399242
0.5603556
0.6156464
0.64082223
0.7009193
0.69242346
0.61660874
0.6257185
0.7151864
0.6911533
0.6802158
0.70240986
0.72516894
0.6585292
0.68190753
0.71423215
0.5488207
0.71756893
0.5935402
0.6188483
0.61950815
0.7267405
0.5537059
0.6981101
0.60010165
0.6963255
0.71980435
0.6645585
0.62978107
0.5324642
0.6291602
0.6624893
0.6689645
0.825503
0.7653543
0.75148815
0.78620833
0.76275855
1.0
0.80436397
0.6759058
0.7036188
0.7073898
0.7593124
0.69793934
0.6905923
0.7824781
0.7361717
0.90739137
0.66186553
0.6814761
0.6834047
0.6254636
0.6885138
0.6520005
0.64825004
0.62441087
0.65648997
0.60720706
0.5445201
0.488508
0.64291996
0.65541804
0.5966331
0.5665359
0.6541305
0.452661
0.653089
0.7165798
0.65932846
0.6861351
0.5638436
0.6381781
0.67093897
0.5873479
0.61931443
0.62225205
0.57136714
0.54806596
0.60675466
0.55725676
0.5714323
0.4783479
0.5673719
0.5874945
0.68458056
0.6025508
0.5026069
0.6106324
0.6956087
0.6534106
0.6845585
0.6748921
0.57676363
0.5942563
0.885451
0.7518892
0.65814227
0.50183886
0.69890946
0.6417562
0.6431356
0.7446546
0.6565975
0.7003327
0.7159709
0.73751146
0.5832738
0.7297223
0.605966
0.67772055
0.63243306
0.6984485
0.55382365
0.71194625
0.6333403
0.72125757
0.6559738
0.70307153
0.5617038
0.5132814
0.53517896
0.6593897
0.6781169
0.682689
0.5584969
0.62186545
0.66783476
0.77762
0.80436397
1.0
0.7524773
0.81143045
0.76311046
0.93704784
0.7927709
0.76809436
0.81041056
0.55913836
0.7663592
0.6834302
0.70257396
0.69810766
0.65988016
0.6605516
0.60159653
0.6904322
0.6475423
0.6711341
0.6139206
0.5525078
0.47122392
0.56381726
0.6692581
0.6422719
0.59636724
0.6569481
0.42011604
0.6721266
0.66767514
0.6450563
0.60565895
0.6068319
0.6707613
0.6680918
0.6306985
0.54709965
0.63248944
0.63426244
0.60355484
0.55823237
0.6516552
0.6257172
0.55366385
0.62866944
0.58126986
0.61608875
0.6403296
0.41805217
0.571006
0.6697576
0.5799867
0.58964556
0.6597431
0.5912912
0.53155583
0.8144882
0.5365204
0.6566432
0.42191973
0.64505374
0.63265675
0.6125424
0.6391047
0.6250237
0.63286513
0.6670733
0.6917819
0.52459526
0.65362436
0.539856
0.61072034
0.57084775
0.68101555
0.6175853
0.62655056
0.5667146
0.6819658
0.595338
0.6564148
0.5589709
0.49737653
0.5355684
0.5577799
0.577198
0.53401375
0.6625561
0.55360085
0.5733293
0.74395657
0.6759058
0.7524773
1.0
0.7703846
0.7011014
0.71871066
0.90014917
0.71094376
0.7449659
0.48472536
0.7328765
0.6306542
0.59824514
0.62641
0.6592499
0.61730933
0.58832985
0.6380444
0.63903725
0.6155099
0.6339233
0.5666814
0.5286475
0.6247139
0.63943684
0.60137993
0.55505824
0.60988617
0.38953683
0.62348557
0.67564636
0.6591352
0.6562942
0.54266
0.6304621
0.6370722
0.61896855
0.57838625
0.60543174
0.61133295
0.5965397
0.58839387
0.54863435
0.6118596
0.5320778
0.5883047
0.5479047
0.6528818
0.5944155
0.4691247
0.5691094
0.66042995
0.62742853
0.6514127
0.66394836
0.65190184
0.5411344
0.8894305
0.517953
0.6402221
0.44986817
0.6540042
0.6320014
0.6223109
0.67025995
0.68190193
0.6558755
0.6825513
0.7046533
0.5561187
0.67923844
0.56003195
0.643808
0.584328
0.66901535
0.59573233
0.6731574
0.5941321
0.6900405
0.67129093
0.67497456
0.58542943
0.5243068
0.5411033
0.5855918
0.60479873
0.5762483
0.54187846
0.60309225
0.6580768
0.7649648
0.7036188
0.81143045
0.7703846
1.0
0.76746714
0.77309835
0.80627185
0.79049253
0.83883786
0.5747803
0.7767596
0.65481204
0.62857085
0.6447455
0.6609558
0.62042993
0.59758854
0.6563675
0.6414862
0.6731536
0.6288254
0.56167704
0.52787054
0.60157806
0.63642114
0.6038092
0.5431507
0.617214
0.40034816
0.6282836
0.650239
0.6192706
0.6246601
0.54464036
0.6175147
0.63825095
0.600373
0.59023935
0.6197816
0.58787566
0.5758596
0.59034336
0.5547981
0.6062421
0.50296426
0.5810458
0.549903
0.62680495
0.6090335
0.45945984
0.5673391
0.6537649
0.56476635
0.6318726
0.5771053
0.58173966
0.54922575
0.7984405
0.5655609
0.5578693
0.4754488
0.62872434
0.6164275
0.6227253
0.6499021
0.5976909
0.63373613
0.63136965
0.6711708
0.51165324
0.6527044
0.520929
0.5878132
0.57136774
0.66083455
0.5676849
0.654737
0.5977703
0.65652883
0.5919521
0.61861295
0.5691908
0.5179832
0.5686392
0.5923168
0.60138273
0.577611
0.55387825
0.6092333
0.62905294
0.7240394
0.7073898
0.76311046
0.7011014
0.76746714
1.0
0.76854897
0.72514135
0.74648196
0.803385
0.5781473
0.71611536
0.6410557
0.6233023
0.63146853
0.6248087
0.6255309
0.61608887
0.6329969
0.6155813
0.633017
0.5865733
0.5102174
0.5022699
0.6041357
0.6133972
0.5635042
0.5274894
0.60819185
0.40763536
0.6009239
0.6655925
0.6072043
0.6327523
0.55586827
0.5882735
0.6220766
0.5673028
0.575315
0.59224415
0.54315764
0.52646834
0.5685566
0.5351817
0.542085
0.47128162
0.53573716
0.549813
0.6333594
0.57236046
0.47401157
0.5683849
0.64839077
0.594148
0.63909966
0.6274817
0.5487937
0.5530558
0.8275452
0.6983308
0.5954468
0.4531381
0.64537764
0.59684175
0.5892796
0.68771464
0.64454395
0.65429264
0.65323234
0.69040054
0.5212002
0.6752569
0.56199634
0.614129
0.5942785
0.64428353
0.533948
0.6619971
0.59038275
0.66593844
0.6334769
0.6356541
0.5218206
0.47942948
0.5114884
0.62193877
0.63372123
0.63977724
0.5348916
0.59434706
0.66387755
0.7317416
0.7593124
0.93704784
0.71871066
0.77309835
0.76854897
1.0
0.748107
0.7386559
0.77777797
0.5493528
0.7237195
0.63378555
0.65656996
0.6653936
0.6324223
0.64422995
0.5744576
0.66141117
0.61242986
0.6437004
0.5898484
0.5314792
0.45946324
0.5990992
0.7062745
0.6656592
0.60125834
0.6681371
0.4189366
0.6897161
0.7126925
0.69880474
0.64786804
0.609216
0.67957455
0.6973961
0.6661815
0.5740935
0.654059
0.6482445
0.63387376
0.61071646
0.6382175
0.65848064
0.5599786
0.6443405
0.6168648
0.6789525
0.64232945
0.43393636
0.5982638
0.7088297
0.6714864
0.6350744
0.7430499
0.6091237
0.5634991
0.8664282
0.5678965
0.66787755
0.46166116
0.67734534
0.6708946
0.6566363
0.6804197
0.6730609
0.6814112
0.7149141
0.72327286
0.5662952
0.70079964
0.5486298
0.6400398
0.60141826
0.7147394
0.6422584
0.6817675
0.6110222
0.7268524
0.6526706
0.7006856
0.59849596
0.52071786
0.5615596
0.60309094
0.63085973
0.5645224
0.64967686
0.60554147
0.6145933
0.7899879
0.69793934
0.7927709
0.90014917
0.80627185
0.72514135
0.748107
1.0
0.7593549
0.797259
0.53303057
0.74213374
0.66009533
0.6326436
0.6726589
0.6890938
0.64560646
0.62272805
0.6781049
0.6803855
0.663666
0.6528664
0.55954444
0.53236365
0.59981906
0.70267856
0.6459049
0.58866525
0.6640529
0.40677547
0.6607583
0.7043264
0.6806923
0.6778946
0.5855114
0.6855433
0.69265896
0.68812466
0.5966533
0.68584466
0.60998756
0.6434944
0.5988267
0.5441398
0.7006707
0.5053461
0.625121
0.61509705
0.6640332
0.6512299
0.4516668
0.5878012
0.68672067
0.6261478
0.65141255
0.64087063
0.6185314
0.573465
0.8325238
0.5421324
0.5972207
0.46096224
0.68134874
0.64936674
0.6254888
0.7045182
0.6458331
0.7022927
0.69734085
0.7240685
0.57687485
0.72090113
0.56344795
0.65340656
0.59565985
0.6914773
0.54797333
0.6878897
0.6381826
0.7166627
0.65784746
0.68005115
0.6187585
0.56027657
0.6049874
0.593549
0.6152196
0.5640122
0.55580837
0.65895337
0.64233583
0.7727172
0.6905923
0.76809436
0.71094376
0.79049253
0.74648196
0.7386559
0.7593549
0.99999994
0.8184331
0.57680875
0.701891
0.6771934
0.6545912
0.68699896
0.6754352
0.6432133
0.663615
0.665927
0.678975
0.68988466
0.62574166
0.53439116
0.5251759
0.67265975
0.7026652
0.65571797
0.6116103
0.67452735
0.43736947
0.6777429
0.739304
0.73422194
0.71289796
0.6168581
0.6769333
0.7009068
0.65477794
0.61421627
0.68007547
0.63347995
0.63961273
0.62112135
0.61944366
0.6511462
0.56810457
0.6193122
0.61575556
0.69472915
0.6516009
0.51846975
0.6228889
0.73708934
0.65787905
0.7469876
0.65698856
0.60854596
0.6185385
0.87380826
0.5815796
0.6330274
0.5107498
0.7092231
0.6975128
0.67988133
0.73600477
0.70012045
0.71934533
0.7200907
0.7671327
0.552824
0.75565916
0.61593235
0.6689034
0.6566506
0.73566365
0.6367341
0.7227265
0.6496857
0.7452945
0.70461583
0.7205033
0.66695386
0.58780205
0.596723
0.66239274
0.66778284
0.67172354
0.64386505
0.70920837
0.7206817
0.78866726
0.7824781
0.81041056
0.7449659
0.83883786
0.803385
0.77777797
0.797259
0.8184331
1.0
0.69685006
0.822349
0.724099
0.708375
0.7132124
0.7167493
0.6684516
0.6528657
0.69672674
0.6947103
0.6957975
0.68679214
0.6078512
0.579136
0.76285225
0.62739736
0.61988693
0.5641497
0.62357754
0.47549295
0.6495034
0.6985279
0.7370191
0.65619767
0.62063277
0.6136028
0.6442669
0.6153794
0.6467787
0.67120564
0.5930537
0.6282078
0.6578084
0.7013265
0.60005444
0.44568712
0.5674444
0.5910847
0.67233217
0.58335054
0.52063507
0.59051913
0.6901111
0.59401387
0.8416498
0.50422186
0.6153784
0.55169934
0.5110345
0.5803022
0.55518806
0.5819366
0.6525637
0.66734505
0.71489835
0.6719394
0.7335231
0.63399357
0.67286384
0.70286316
0.4957413
0.6903172
0.56401366
0.6279381
0.5795028
0.6994262
0.6056032
0.6711836
0.56301796
0.6685886
0.75563526
0.6438025
0.6864831
0.5654526
0.62945026
0.5829239
0.59114575
0.7675175
0.7254327
0.78709793
0.7874121
0.5515464
0.7361717
0.55913836
0.48472536
0.5747803
0.5781473
0.5493528
0.53303057
0.57680875
0.69685006
0.99999994
0.7088325
0.64063936
0.63902956
0.65167475
0.58466816
0.6722459
0.64709103
0.62255275
0.59720856
0.6312422
0.5610067
0.4977801
0.4908615
0.755631
0.63373864
0.6005303
0.56720126
0.6401631
0.46769342
0.66210115
0.6888275
0.6712308
0.68560493
0.5767182
0.6225489
0.6411644
0.57518744
0.5907388
0.62467754
0.6003051
0.5675828
0.58885825
0.7295193
0.5640696
0.5191073
0.5439931
0.60285956
0.6714824
0.59253556
0.57086325
0.57375884
0.69560814
0.6649618
0.8291477
0.56741047
0.57672375
0.60570985
0.7894821
0.58003557
0.62068117
0.5245857
0.6802248
0.6563662
0.6411375
0.66901594
0.69527334
0.643047
0.6735358
0.68981946
0.566962
0.68844986
0.56943977
0.6117767
0.56857854
0.69073004
0.5392483
0.6781676
0.5813777
0.67222625
0.68251973
0.66142446
0.58452386
0.501983
0.53195375
0.5892729
0.6158448
0.78190666
0.75407374
0.71668595
0.7581936
0.7468067
0.90739137
0.7663592
0.7328765
0.7767596
0.71611536
0.7237195
0.74213374
0.701891
0.822349
0.7088325
1.0
0.64605385
0.6218803
0.65609366
0.6353058
0.6272735
0.5761602
0.6385966
0.618838
0.64073527
0.6163765
0.5522472
0.4925822
0.65289545
0.7833663
0.7178399
0.66561294
0.7611295
0.5052197
0.77260673
0.83067983
0.75709486
0.7507499
0.64013773
0.73871976
0.8420601
0.74478847
0.7362937
0.7313393
0.66803247
0.71059525
0.6666032
0.58705217
0.72913
0.51920784
0.7147146
0.6721275
0.7926033
0.7248154
0.52606124
0.7246672
0.82361615
0.709683
0.7345462
0.69557726
0.6580128
0.71240103
0.69353086
0.6390279
0.6894728
0.54094934
0.8037735
0.74080306
0.69746983
0.9071299
0.6743719
0.80641043
0.81126916
0.84609324
0.6489176
0.82933897
0.6702451
0.7536292
0.6931585
0.77838016
0.6070053
0.8126773
0.74489737
0.82713896
0.70104927
0.8074008
0.6390538
0.570519
0.62675524
0.7307531
0.76335466
0.65583825
0.61531645
0.67976606
0.70433563
0.6740689
0.66186553
0.6834302
0.6306542
0.65481204
0.6410557
0.63378555
0.66009533
0.6771934
0.724099
0.64063936
0.64605385
1.0
0.8313715
0.7696864
0.7551895
0.7461724
0.70648086
0.7715628
0.74115556
0.7810684
0.6926457
0.608554
0.5207608
0.6634762
0.74293196
0.6825018
0.62613684
0.72920215
0.5052311
0.750608
0.8454638
0.74374485
0.7671437
0.59217733
0.6866931
0.80580795
0.65576077
0.7585118
0.7151182
0.61818004
0.60381037
0.6168826
0.60241073
0.6258347
0.5111736
0.597611
0.6997643
0.7624433
0.6731039
0.5542091
0.72268516
0.8371882
0.7307185
0.73271847
0.6607254
0.6433783
0.68725544
0.6523413
0.70315945
0.6620133
0.587751
0.8197625
0.75309664
0.70694983
0.90783125
0.6604192
0.7964116
0.8107206
0.8511945
0.6453844
0.83244663
0.6683575
0.7356635
0.935074
0.803537
0.58757305
0.8131134
0.70999587
0.8313807
0.6848361
0.78622925
0.6468324
0.5944751
0.66903377
0.9008155
0.7857244
0.68810326
0.62305695
0.7004081
0.70861673
0.67034984
0.6814761
0.70257396
0.59824514
0.62857085
0.6233023
0.65656996
0.6326436
0.6545912
0.708375
0.63902956
0.6218803
0.8313715
1.0
0.7930381
0.7279201
0.7539051
0.7315864
0.76066613
0.72752273
0.77990234
0.67026734
0.585244
0.5171259
0.6717903
0.84792703
0.67136675
0.6277818
0.72876287
0.48793173
0.7508699
0.8791523
0.7950239
0.7593534
0.6088503
0.6997923
0.7481789
0.64277637
0.78088295
0.7430608
0.6301152
0.6187993
0.6680649
0.60970753
0.634471
0.5381976
0.6052447
0.6942666
0.836067
0.7674329
0.49419937
0.7073786
0.8474047
0.7317431
0.76034313
0.6709095
0.67691785
0.691634
0.69627595
0.6700953
0.712667
0.6181989
0.8673809
0.766402
0.73748004
0.84607035
0.7047213
0.94216126
0.85057795
0.8746893
0.6651397
0.8545553
0.68676925
0.7702471
0.7325995
0.81772214
0.60851973
0.8596201
0.8308326
0.84013444
0.728939
0.8187164
0.71626014
0.6662615
0.6425787
0.8001576
0.8398543
0.6978028
0.6422317
0.73221874
0.7420859
0.67502254
0.6834047
0.69810766
0.62641
0.6447455
0.63146853
0.6653936
0.6726589
0.68699896
0.7132124
0.65167475
0.65609366
0.7696864
0.7930381
1.0
0.8461803
0.85067135
0.80851007
0.8917316
0.8581892
0.89170885
0.67631394
0.59094805
0.56437933
0.64684826
0.8748116
0.7308958
0.6873832
0.7634515
0.45646095
0.7636271
0.82896817
0.74491185
0.7303332
0.64546454
0.7493872
0.778532
0.688626
0.6907902
0.801891
0.7049053
0.6761156
0.64548343
0.6367546
0.67972934
0.8201788
0.6715993
0.67157906
0.75210243
0.80372655
0.4372916
0.69801646
0.7995151
0.6867646
0.7221408
0.6716625
0.6835707
0.6421516
0.7015223
0.573725
0.7313344
0.47685513
0.80139875
0.74633145
0.6608277
0.7985885
0.71084934
0.90254396
0.81921756
0.853236
0.65642846
0.83141065
0.67521566
0.74561113
0.68443656
0.74274695
0.59103054
0.8042017
0.8078671
0.82038814
0.6629152
0.80176336
0.65154517
0.62198967
0.6478772
0.7249049
0.77815074
0.6232326
0.6668237
0.69871277
0.69740576
0.66473305
0.6254636
0.65988016
0.6592499
0.6609558
0.6248087
0.6324223
0.6890938
0.6754352
0.7167493
0.58466816
0.6353058
0.7551895
0.7279201
0.8461803
1.0
0.81698304
0.7943743
0.86345935
0.90813744
0.8605936
0.90851504
0.80170244
0.75741196
0.67950773
0.8372136
0.69917583
0.662988
0.729428
0.47968546
0.7374625
0.8301752
0.74831355
0.7245068
0.6550251
0.707548
0.73962563
0.701957
0.7263109
0.73322725
0.65727615
0.6743628
0.71819365
0.62667406
0.6653334
0.5556696
0.6663076
0.7367835
0.7791355
0.764731
0.43149748
0.7197946
0.79416925
0.71555024
0.74642324
0.6390922
0.7177409
0.69299084
0.6421899
0.6372672
0.74676406
0.51128
0.7967646
0.75048035
0.66678625
0.7873462
0.69146717
0.8891278
0.8201056
0.85366356
0.6175547
0.82150006
0.6849777
0.7751495
0.7257009
0.7414558
0.5995708
0.8043654
0.8202239
0.8066856
0.6890353
0.8152776
0.66521895
0.62902635
0.756642
0.75773484
0.7799628
0.66444546
0.64628017
0.730946
0.7455988
0.6845789
0.6885138
0.6605516
0.61730933
0.62042993
0.6255309
0.64422995
0.64560646
0.6432133
0.6684516
0.6722459
0.6272735
0.7461724
0.7539051
0.85067135
0.81698304
1.0
0.87683266
0.8529444
0.835426
0.84941554
0.6738692
0.6090222
0.55517024
0.613753
0.83337694
0.7118155
0.6814094
0.73793447
0.4611654
0.7633887
0.80936974
0.73942596
0.7127279
0.612221
0.717929
0.75732934
0.6716005
0.72350395
0.7515814
0.6816324
0.6691191
0.6750571
0.60691416
0.68331796
0.5529665
0.6625355
0.74871993
0.7548496
0.7681376
0.45686805
0.6907905
0.79260993
0.69573814
0.70574194
0.60311365
0.77970296
0.65519035
0.61090654
0.598417
0.6704164
0.51899636
0.7684456
0.755383
0.6626215
0.76775014
0.6677009
0.84809154
0.7823141
0.82051986
0.60314023
0.7947563
0.6645789
0.73273593
0.69511807
0.73974705
0.5735133
0.789787
0.77347326
0.7876972
0.66829646
0.77036625
0.688742
0.65347713
0.9313992
0.73221904
0.7562649
0.6077611
0.6486974
0.6876987
0.7006279
0.68752
0.6520005
0.60159653
0.58832985
0.59758854
0.61608887
0.5744576
0.62272805
0.663615
0.6528657
0.64709103
0.5761602
0.70648086
0.7315864
0.80851007
0.7943743
0.87683266
1.0
0.8240686
0.7982326
0.83629525
0.6710889
0.6076356
0.59012884
0.6603736
0.85552174
0.67864186
0.6487916
0.7246373
0.48347428
0.7502745
0.85490704
0.7570764
0.7436985
0.61528003
0.7028071
0.74840426
0.6459076
0.72753435
0.7394677
0.66186416
0.6361064
0.6549573
0.6040339
0.64329773
0.5587056
0.64206105
0.6741386
0.78974426
0.76212525
0.46732634
0.71113926
0.8361406
0.7058596
0.74505275
0.67442715
0.68631077
0.68295616
0.695415
0.63608193
0.7343381
0.5283617
0.83094025
0.7688507
0.68583417
0.8309333
0.6695223
0.938874
0.8304211
0.85818386
0.66072804
0.82832247
0.69906765
0.77265143
0.70113015
0.7755409
0.5661906
0.84379077
0.8452992
0.81175715
0.67603767
0.827123
0.66788685
0.63736767
0.64916563
0.7635673
0.8175778
0.66262937
0.6349859
0.69209474
0.72263104
0.65867245
0.64825004
0.6904322
0.6380444
0.6563675
0.6329969
0.66141117
0.6781049
0.665927
0.69672674
0.62255275
0.6385966
0.7715628
0.76066613
0.8917316
0.86345935
0.8529444
0.8240686
1.0
0.8584512
0.9286409
0.6835002
0.6244244
0.56593406
0.6484577
0.86552846
0.7175029
0.672835
0.7403791
0.43963015
0.7653466
0.83217776
0.75027496
0.7272312
0.6482297
0.73748314
0.76365876
0.6985657
0.7108237
0.7783359
0.686046
0.6817278
0.67467695
0.6116692
0.6799068
0.6842637
0.676682
0.6754672
0.75479233
0.8006313
0.43751305
0.7072338
0.8068178
0.7079198
0.7149236
0.680957
0.6572107
0.6524166
0.673277
0.6097328
0.71584964
0.4871998
0.79899794
0.75818354
0.67282087
0.7943586
0.70189285
0.90391165
0.82282174
0.85141325
0.6343873
0.831655
0.67194337
0.7358185
0.683577
0.75591975
0.58772874
0.8027992
0.82796186
0.8170034
0.6630412
0.79594004
0.68149334
0.65457493
0.6515413
0.72200847
0.7713053
0.6156613
0.63341135
0.77576333
0.7073326
0.6520431
0.62441087
0.6475423
0.63903725
0.6414862
0.6155813
0.61242986
0.6803855
0.678975
0.6947103
0.59720856
0.618838
0.74115556
0.72752273
0.8581892
0.90813744
0.835426
0.7982326
0.8584512
1.0
0.8543277
0.78532296
0.69018924
0.67036945
0.6719957
0.847381
0.673679
0.6313941
0.73196363
0.46709472
0.74801606
0.86003065
0.7528971
0.73789537
0.60142773
0.698933
0.7467334
0.66819566
0.74966764
0.74664724
0.6457259
0.63943064
0.6469127
0.61431557
0.6557012
0.56109005
0.61469036
0.68319327
0.7941758
0.7574569
0.46696675
0.7025966
0.8349094
0.6992256
0.7425195
0.6532799
0.70979244
0.6758645
0.6879817
0.62636584
0.72289455
0.53769225
0.8396256
0.7800219
0.69087654
0.83665156
0.6734422
0.9352207
0.8270277
0.85675174
0.6555677
0.8369738
0.6838287
0.76761425
0.716644
0.7912365
0.5709552
0.8445436
0.8407736
0.8267515
0.6805299
0.81879956
0.6655533
0.6327468
0.6729161
0.7700213
0.808912
0.6543624
0.63589835
0.69078475
0.714227
0.66546506
0.65648997
0.6711341
0.6155099
0.6731536
0.633017
0.6437004
0.663666
0.68988466
0.6957975
0.6312422
0.64073527
0.7810684
0.77990234
0.89170885
0.8605936
0.84941554
0.83629525
0.9286409
0.8543277
1.0000001
0.6903206
0.612464
0.5626387
0.6210827
0.7483834
0.72832185
0.7113668
0.73251724
0.4299406
0.73130757
0.7558361
0.70347387
0.6843654
0.62498677
0.718509
0.7498658
0.6640836
0.6144261
0.78990376
0.72112703
0.65965724
0.6012574
0.6412706
0.6483273
0.89885986
0.64813817
0.635358
0.6676867
0.7109004
0.43135354
0.6589542
0.7373089
0.6447025
0.67558837
0.6271855
0.6547381
0.60817355
0.6414139
0.53155106
0.67868274
0.44764724
0.71021616
0.6980308
0.63931495
0.723388
0.7254855
0.71185535
0.7596796
0.79481834
0.5980422
0.8234026
0.6691856
0.68223166
0.6382694
0.6902661
0.5718427
0.718111
0.6424794
0.7625036
0.65154487
0.7335682
0.62573385
0.585108
0.6669686
0.6482805
0.68217427
0.59986866
0.6619473
0.66777474
0.64783144
0.6270049
0.60720706
0.6139206
0.6339233
0.6288254
0.5865733
0.5898484
0.6528664
0.62574166
0.68679214
0.5610067
0.6163765
0.6926457
0.67026734
0.67631394
0.90851504
0.6738692
0.6710889
0.6835002
0.78532296
0.6903206
1.0
0.8828155
0.81734335
0.55646265
0.6580495
0.64787424
0.8269689
0.65478975
0.36077464
0.6524158
0.68021095
0.65362734
0.65866286
0.5584965
0.64916
0.6696537
0.5728538
0.5794945
0.69975173
0.65402985
0.580662
0.55316097
0.57264775
0.5452158
0.81382287
0.57630384
0.5548425
0.60753566
0.6580124
0.4181314
0.69611895
0.66660076
0.56741184
0.61435694
0.5514183
0.6096382
0.5875309
0.57300586
0.5121522
0.6339015
0.42523935
0.64403594
0.65031517
0.5853099
0.6529404
0.6684408
0.6284927
0.70470595
0.7116693
0.5223752
0.72762096
0.8645774
0.66703314
0.55440515
0.63150334
0.4973609
0.6694868
0.5742492
0.6971453
0.5907064
0.69767725
0.5964459
0.56002235
0.6080225
0.57519084
0.6256018
0.54195875
0.5967001
0.58890235
0.6048619
0.54116124
0.5445201
0.5525078
0.5666814
0.56167704
0.5102174
0.5314792
0.55954444
0.53439116
0.6078512
0.4977801
0.5522472
0.608554
0.585244
0.59094805
0.80170244
0.6090222
0.6076356
0.6244244
0.69018924
0.612464
0.8828155
1.0
0.7554531
0.49729466
0.6397631
0.6451884
0.6294013
0.6342198
0.3396543
0.62780845
0.5949159
0.5884988
0.52843326
0.52974397
0.62946314
0.63562423
0.5661855
0.47291893
0.7152999
0.68085116
0.57207894
0.5201488
0.530178
0.5539622
0.79809237
0.5784394
0.5029045
0.53930455
0.6180336
0.30629125
0.5280708
0.61000055
0.4810886
0.53456455
0.49691698
0.61219674
0.47046492
0.51126295
0.3944968
0.5148741
0.36370865
0.5518481
0.6035829
0.52309006
0.5599624
0.6130473
0.5657787
0.60053104
0.6405343
0.48216736
0.6217442
0.54729354
0.56601185
0.50912976
0.5679519
0.51548725
0.5575521
0.49911487
0.6099651
0.5309375
0.5880154
0.78206676
0.854095
0.5808552
0.49886528
0.52631
0.46231624
0.5444094
0.57465553
0.534154
0.49202028
0.488508
0.47122392
0.5286475
0.52787054
0.5022699
0.45946324
0.53236365
0.5251759
0.579136
0.4908615
0.4925822
0.5207608
0.5171259
0.56437933
0.75741196
0.55517024
0.59012884
0.56593406
0.67036945
0.5626387
0.81734335
0.7554531
0.99999994
