1.0
0.6491243
0.793069
0.678745
0.58529645
0.6485683
0.6457002
0.6449545
0.46337932
0.62919945
0.6870582
0.6509276
0.666433
0.61971754
0.5187524
0.6589987
0.6351901
0.6768007
0.8074428
0.59750026
0.53757286
0.3259246
0.6482823
0.6601567
0.6620135
0.7582519
0.35430324
0.742411
0.71960205
0.69377744
0.7931771
0.77084535
0.6700686
0.63882697
0.66474295
0.6342515
0.6353027
0.51593035
0.5606389
0.6215505
0.5946952
0.74417526
0.64485973
0.5028143
0.5632097
0.6340608
0.6948394
0.75599825
0.69618106
0.54805875
0.75250715
0.56758803
0.58412236
0.6607115
0.6245789
0.45670518
0.6974621
0.46890253
0.35685545
0.71521217
0.7158291
0.4060981
0.6099452
0.27622223
0.6819962
0.66978306
0.6980974
0.5688856
0.6736704
0.6997483
0.6650932
0.6417629
0.42795408
0.6046198
0.72672665
0.5318458
0.5820126
0.56172895
0.6527017
0.6682988
0.60213286
0.7291204
0.6465408
0.6491243
1.0
0.57575047
0.8290978
0.5852968
0.6219261
0.92066664
0.57005125
0.518646
0.641852
0.79019845
0.6798631
0.6590924
0.61620826
0.6305195
0.85996515
0.6668577
0.7496618
0.6714405
0.67627746
0.59217507
0.44043133
0.6650187
0.6384677
0.66797423
0.8450303
0.44360143
0.8079194
0.67341757
0.71039015
0.6828714
0.781497
0.6507436
0.7702762
0.64903027
0.68870467
0.7371411
0.5010276
0.6134368
0.64620054
0.62252814
0.6897149
0.648059
0.585567
0.6082359
0.6212632
0.6949947
0.6524047
0.7173941
0.7243418
0.77366656
0.66619736
0.6203614
0.7804364
0.61799586
0.55934966
0.66766864
0.56351995
0.7856597
0.7664767
0.64827996
0.29846293
0.6284289
0.1799732
0.6758917
0.69341624
0.64971346
0.6265664
0.69033724
0.64508444
0.6905302
0.67519945
0.53018975
0.6631741
0.8245799
0.69931775
0.7398158
0.7384488
0.73865277
0.63858813
0.64434826
0.7897091
0.73514754
0.793069
0.57575047
1.0
0.5623068
0.5587439
0.5757855
0.5785016
0.62356144
0.4280794
0.5842453
0.61275023
0.63406914
0.60536605
0.53202635
0.47956342
0.57464695
0.61630726
0.6026974
0.7367961
0.54251426
0.50003105
0.26074436
0.610609
0.58086556
0.6437734
0.6669174
0.3129156
0.6378463
0.62773997
0.6349671
0.7732274
0.6742133
0.6466397
0.5684129
0.6299029
0.63436466
0.6125064
0.4784284
0.53733766
0.55108875
0.57347554
0.6667761
0.57577896
0.49653226
0.612899
0.57288665
0.6620091
0.6521589
0.689021
0.52507675
0.6757633
0.51340365
0.5348255
0.5786089
0.57324696
0.4612806
0.613595
0.46979228
0.2942712
0.59773636
0.60838854
0.33235902
0.56759983
0.15371405
0.5908592
0.62249565
0.62031955
0.55011624
0.62391424
0.6497307
0.6714657
0.6738661
0.4458988
0.5939365
0.6629534
0.48896003
0.52827543
0.48660645
0.56642294
0.57233095
0.53711426
0.6450827
0.58478326
0.678745
0.8290978
0.5623068
1.0
0.5411041
0.63322115
0.8270154
0.5543937
0.48158762
0.57046896
0.77679515
0.61374307
0.6123609
0.5732589
0.5945832
0.69046426
0.6287804
0.7788917
0.64522576
0.6594404
0.5319185
0.67445767
0.6465247
0.66405505
0.6576238
0.8406649
0.35599992
0.78702396
0.6631267
0.65856653
0.62426794
0.7401357
0.6530156
0.74019796
0.6209677
0.6825383
0.67160106
0.5163937
0.5913083
0.6000484
0.5925938
0.69828665
0.5883986
0.50105006
0.5787968
0.54548687
0.65198964
0.64417344
0.6678758
0.6380554
0.7658358
0.6352321
0.61948496
0.753606
0.5476811
0.48230615
0.6115815
0.4852555
0.58833724
0.7986938
0.69174707
0.3457915
0.60763377
0.23180729
0.6658232
0.6350428
0.60488003
0.5979093
0.634749
0.5955775
0.6158385
0.60115874
0.44560316
0.5960256
0.7830289
0.62373185
0.6628959
0.6779008
0.7201089
0.6177049
0.5986742
0.7490809
0.67989296
0.58529645
0.5852968
0.5587439
0.5411041
1.0
0.55061924
0.5761983
0.8730342
0.35512826
0.64993596
0.56952494
0.6182051
0.61140376
0.5996577
0.47664917
0.5868602
0.6268373
0.58411056
0.69265544
0.5419152
0.6037754
0.251842
0.5736329
0.52678466
0.5200209
0.5889766
0.457849
0.6171013
0.6455435
0.694488
0.5980707
0.6638119
0.59088075
0.56270355
0.5798147
0.55123484
0.6210104
0.50025684
0.6038808
0.59799623
0.59409255
0.6380846
0.5971657
0.50856435
0.51209533
0.63065976
0.6358461
0.581968
0.65241444
0.52149045
0.6117045
0.5095935
0.5013063
0.5386955
0.63783115
0.49201682
0.60796607
0.48553985
0.38427666
0.56010544
0.61162806
0.36736402
0.59862053
0.21062282
0.6690464
0.688676
0.64744157
0.6044991
0.666995
0.641423
0.6079862
0.62305945
0.49812117
0.6450828
0.63714707
0.52913386
0.56464386
0.5037594
0.5960723
0.6040717
0.64338756
0.62746847
0.59595466
0.6485683
0.6219261
0.5757855
0.63322115
0.55061924
1.0
0.6261396
0.5801765
0.4382076
0.63232845
0.65168947
0.64812034
0.67077273
0.54126513
0.742929
0.6531365
0.6191806
0.5954398
0.6046924
0.6657207
0.59965587
0.4236389
0.67638636
0.7962777
0.57093096
0.6595957
0.37624362
0.6755398
0.8215649
0.69784516
0.5846438
0.63747627
0.67242974
0.65078604
0.62963146
0.6635672
0.61033154
0.5347921
0.6006374
0.5896338
0.6538118
0.8596668
0.5680547
0.5137938
0.5340461
0.59736204
0.69806725
0.6895362
0.685451
0.5459635
0.6493142
0.73495567
0.81244457
0.61447793
0.6119738
0.48272043
0.6749648
0.47839394
0.39608642
0.62342066
0.8043165
0.34645233
0.60615855
0.18854892
0.67626184
0.6320859
0.6627339
0.54207855
0.66048217
0.6187432
0.6004661
0.6053304
0.45687172
0.617116
0.6783817
0.5402703
0.5678671
0.51708233
0.614916
0.64771223
0.6238663
0.6516414
0.632255
0.6457002
0.92066664
0.5785016
0.8270154
0.5761983
0.6261396
1.0
0.5900175
0.4605774
0.5982673
0.7514094
0.6532891
0.6413766
0.61698854
0.63781756
0.7826867
0.6490651
0.73646367
0.6513876
0.64389735
0.5619818
0.45759758
0.6420229
0.65099543
0.6441453
0.8301818
0.42546192
0.78282773
0.6573486
0.6738013
0.63982683
0.74786454
0.6261818
0.73900056
0.6207622
0.6575026
0.7185704
0.4846625
0.592738
0.61576307
0.592215
0.6857601
0.62563443
0.5490807
0.5707425
0.5927236
0.68231344
0.63825893
0.6973072
0.6552018
0.7508941
0.67637414
0.6332457
0.7563598
0.59267646
0.50517476
0.63812536
0.53027725
0.7193978
0.76429355
0.65521246
0.29526323
0.62729746
0.20758091
0.6540887
0.65837395
0.6466346
0.59882987
0.65687674
0.6139584
0.65083736
0.63820714
0.49623838
0.6272854
0.79963493
0.6610858
0.7012019
0.7021772
0.7302128
0.6302067
0.6229816
0.7721036
0.718607
0.6449545
0.57005125
0.62356144
0.5543937
0.8730342
0.5801765
0.5900175
0.99999994
0.36585164
0.584742
0.5841236
0.5976029
0.5936717
0.5672779
0.47452962
0.56286037
0.5933974
0.60472876
0.7126614
0.5327402
0.51313263
0.27864254
0.57014316
0.5689454
0.5629588
0.6272845
0.37190586
0.63152623
0.6556416
0.65394413
0.6245471
0.6631455
0.6079586
0.55126476
0.5682094
0.6050657
0.64094824
0.49467093
0.5988112
0.60524666
0.5546814
0.6709483
0.5859361
0.45429447
0.5324984
0.5726727
0.6564345
0.60625756
0.6426632
0.49846497
0.6353034
0.47709388
0.5216853
0.54093236
0.5839804
0.4496349
0.5762351
0.4724719
0.3461625
0.6018645
0.64944947
0.37262106
0.6069582
0.2521464
0.64344364
0.6341677
0.63710827
0.5115273
0.62710094
0.6291859
0.5899988
0.62889165
0.42358908
0.5770255
0.62240493
0.48324955
0.51477325
0.48502165
0.5971588
0.597676
0.599122
0.6258748
0.5728126
0.46337932
0.518646
0.4280794
0.48158762
0.35512826
0.4382076
0.4605774
0.36585164
1.0
0.43229932
0.49088725
0.44012228
0.42302856
0.41432604
0.40122747
0.533905
0.4766136
0.45381597
0.47490692
0.46614563
0.39993626
0.2846552
0.506962
0.44326228
0.47918767
0.50252587
0.2398284
0.49599177
0.451785
0.5073371
0.49823743
0.48585624
0.46037444
0.48183835
0.45621353
0.46563202
0.48333886
0.34109184
0.41515177
0.40120906
0.43177518
0.4562327
0.41968378
0.3369252
0.49143475
0.41026908
0.46287334
0.5156286
0.4587533
0.61600584
0.48026726
0.47699195
0.45790657
0.4875033
0.43241197
0.35423747
0.4741013
0.42451245
0.33832482
0.45514983
0.4239876
0.2098543
0.4240044
0.14287029
0.47487345
0.4599752
0.4466839
0.44700468
0.5323307
0.44011742
0.4464376
0.45977136
0.26111534
0.42900628
0.47404233
0.45374745
0.43332052
0.45091727
0.4444648
0.46369424
0.43838546
0.47174558
0.4743683
0.62919945
0.641852
0.5842453
0.57046896
0.64993596
0.63232845
0.5982673
0.584742
0.43229932
1.0
0.70868796
0.91943675
0.7476474
0.72522146
0.5471171
0.64834416
0.739223
0.6142237
0.7273689
0.58756906
0.823217
0.260177
0.64933664
0.5757617
0.62310284
0.6678702
0.69706154
0.72579944
0.73354775
0.8873841
0.72789055
0.7753858
0.71601623
0.6864768
0.66669035
0.6719254
0.6361505
0.533511
0.6756955
0.67872894
0.7699858
0.6930952
0.6499948
0.69529146
0.58166796
0.8877911
0.75807
0.6654043
0.78854656
0.58699673
0.7837495
0.5840445
0.5474363
0.6378044
0.8862835
0.7564015
0.8793678
0.5931907
0.3985471
0.6133313
0.6456809
0.53231496
0.70224565
0.18154208
0.8240433
0.86021835
0.7888903
0.7440374
0.7695937
0.7506535
0.7656526
0.7787844
0.66244197
0.84727263
0.7764969
0.6973742
0.72440577
0.62202895
0.70812124
0.7202605
0.81894624
0.75056714
0.7153406
0.6870582
0.79019845
0.61275023
0.77679515
0.56952494
0.65168947
0.7514094
0.5841236
0.49088725
0.70868796
1.0
0.7230894
0.7323439
0.61439544
0.572077
0.65043056
0.7088137
0.7696804
0.72133654
0.60867107
0.6069066
0.3554391
0.7072306
0.6444328
0.6925496
0.8897769
0.4054361
0.8615287
0.7389285
0.75805163
0.7085703
0.82774705
0.7477842
0.80274355
0.6951803
0.7200425
0.6757938
0.58972293
0.6251309
0.715831
0.67143947
0.750809
0.6255638
0.5998258
0.616112
0.6457366
0.77983147
0.68798167
0.75106287
0.6290791
0.8596127
0.6191761
0.58431333
0.80419445
0.65364146
0.6101031
0.69885296
0.6048271
0.49900827
0.8013795
0.6977439
0.37997475
0.6679203
0.1492071
0.7148634
0.7491276
0.72438115
0.63912034
0.7623604
0.69476175
0.7186064
0.70313364
0.5273056
0.69880265
0.8542091
0.7124599
0.7627329
0.77244294
0.773814
0.6691252
0.6807236
0.8043553
0.76911867
0.6509276
0.6798631
0.63406914
0.61374307
0.6182051
0.64812034
0.6532891
0.5976029
0.44012228
0.91943675
0.7230894
1.0
0.7628342
0.7376452
0.56669205
0.6715871
0.7296058
0.63666236
0.7211934
0.6133825
0.77355367
0.29367718
0.6863519
0.62101114
0.66345227
0.7215041
0.7064827
0.7495218
0.73709005
0.8345516
0.7509338
0.7390802
0.74684596
0.69267124
0.71294874
0.7349101
0.69285405
0.52906144
0.6746756
0.70747787
0.7754072
0.72121
0.67952245
0.6790427
0.61188257
0.8670317
0.81538886
0.6981525
0.8280789
0.58376575
0.7334423
0.60485476
0.5851633
0.6707012
0.85941374
0.77180713
0.9189106
0.6251989
0.3980929
0.66197234
0.67351687
0.38684693
0.7180495
0.18133047
0.7820561
0.8908921
0.7701378
0.7267335
0.76174194
0.77477175
0.7887053
0.8086693
0.6392115
0.8117425
0.7981151
0.6698503
0.71815515
0.632279
0.71215934
0.71302146
0.7616595
0.76729405
0.7060943
0.666433
0.6590924
0.60536605
0.6123609
0.61140376
0.67077273
0.6413766
0.5936717
0.42302856
0.7476474
0.7323439
0.7628342
0.99999994
0.61220324
0.5449509
0.65852976
0.73853546
0.60185075
0.71288466
0.589799
0.69455504
0.2895011
0.65545416
0.6427639
0.66212136
0.71313107
0.45449653
0.7355184
0.7064075
0.80981976
0.690573
0.72753465
0.7505006
0.66554624
0.77245885
0.6343007
0.6245666
0.5463137
0.68026775
0.7012681
0.77450866
0.6912375
0.6546369
0.68522894
0.5771349
0.6984371
0.76249874
0.6996755
0.8140785
0.57038873
0.70434237
0.6069495
0.62520677
0.6593942
0.6791654
0.6174351
0.7368137
0.6029872
0.3471257
0.6555774
0.64864963
0.35027426
0.7045944
0.14373861
0.7611887
0.7774907
0.74577904
0.6874631
0.80560654
0.76234496
0.74981314
0.7416316
0.5977887
0.77496123
0.78419614
0.63676864
0.696813
0.6122564
0.6986398
0.7054838
0.7389774
0.7368231
0.7249983
0.61971754
0.61620826
0.53202635
0.5732589
0.5996577
0.54126513
0.61698854
0.5672779
0.41432604
0.72522146
0.61439544
0.7376452
0.61220324
1.0
0.5583972
0.59024227
0.5823073
0.5929409
0.6402911
0.5512282
0.66737264
0.29739037
0.6146122
0.56812656
0.5277051
0.63656026
0.5966863
0.66482466
0.6152942
0.6969631
0.6607803
0.6788014
0.64945734
0.6366956
0.62581986
0.62907785
0.6030652
0.48740256
0.63238055
0.5955112
0.6488985
0.58725023
0.6105734
0.5911564
0.49555272
0.8192947
0.61773956
0.5918468
0.66796535
0.518854
0.6446187
0.56163406
0.5219621
0.6224911
0.79672265
0.5922148
0.71354556
0.502439
0.4617846
0.634493
0.6034762
0.4142143
0.61644065
0.5111637
0.7049298
0.8067299
0.64304215
0.6472306
0.63975275
0.66843575
0.6913052
0.6641353
0.5335415
0.6920346
0.686657
0.5831348
0.62249196
0.56468403
0.6432595
0.628993
0.6626552
0.7854692
0.6355336
0.5187524
0.6305195
0.47956342
0.5945832
0.47664917
0.742929
0.63781756
0.47452962
0.40122747
0.5471171
0.572077
0.56669205
0.5449509
0.5583972
0.99999994
0.60650855
0.53828764
0.5261247
0.50399244
0.6270702
0.5220589
0.45684373
0.6019335
0.7840392
0.49227712
0.5820851
0.45323485
0.6052682
0.6262756
0.5976423
0.58421755
0.563936
0.5635807
0.6167175
0.56671906
0.6676491
0.6383181
0.41983077
0.5602292
0.4598008
0.55659
0.6214283
0.58045435
0.52328664
0.51804143
0.5398354
0.5681876
0.5431742
0.5965356
0.6064804
0.5607763
0.8357731
0.747183
0.5717014
0.5667019
0.43566188
0.5587931
0.50733465
0.67688257
0.558852
0.602014
0.2987693
0.56781894
0.21411017
0.58946663
0.57329494
0.5630078
0.51535815
0.55132747
0.50321007
0.5993937
0.57491416
0.43829536
0.5589584
0.60596865
0.5630904
0.565032
0.5389974
0.5826955
0.57092327
0.57725435
0.5972856
0.61647993
0.6589987
0.85996515
0.57464695
0.69046426
0.5868602
0.6531365
0.7826867
0.56286037
0.533905
0.64834416
0.65043056
0.6715871
0.65852976
0.59024227
0.60650855
1.0
0.6657979
0.61862344
0.6878343
0.68385994
0.5908913
0.4467599
0.65435106
0.6364129
0.6215149
0.6713205
0.44505697
0.68414664
0.6918717
0.7250992
0.67523855
0.6836013
0.6544016
0.6490108
0.63766927
0.6655003
0.7237808
0.5014117
0.5920502
0.622182
0.6084536
0.69524485
0.6347758
0.56612635
0.57281303
0.6336434
0.6834773
0.85284567
0.71256894
0.7604669
0.6429235
0.6625495
0.6569669
0.6363546
0.6351984
0.5187949
0.8067211
0.54393893
0.6287244
0.61538094
0.646672
0.29377252
0.60645914
0.16508885
0.68256867
0.6869298
0.6935805
0.5962223
0.69454753
0.66542107
0.6773759
0.6755322
0.5166758
0.6594407
0.7044341
0.59056944
0.62208223
0.5716563
0.61861575
0.74529403
0.63699114
0.67782146
0.64027
0.6351901
0.6668577
0.61630726
0.6287804
0.6268373
0.6191806
0.6490651
0.5933974
0.4766136
0.739223
0.7088137
0.7296058
0.73853546
0.5823073
0.53828764
0.6657979
1.0
0.63534987
0.71170837
0.603674
0.6974396
0.2834341
0.66897106
0.6079093
0.6397081
0.7130526
0.4895342
0.73593336
0.7095228
0.8087632
0.70567477
0.7327371
0.6960975
0.65610665
0.6677271
0.68163264
0.70850104
0.52070093
0.6417517
0.68062735
0.7306511
0.6946143
0.6873733
0.77030486
0.6387755
0.67825913
0.7833124
0.69921315
0.88825953
0.61904514
0.7101998
0.60623515
0.5864055
0.6332262
0.68305135
0.5811881
0.7211483
0.64040273
0.37796125
0.64590263
0.6418205
0.3453955
0.7202924
0.1245561
0.7509327
0.7528556
0.74449474
0.71256596
0.78690004
0.76784325
0.802067
0.80453575
0.7366824
0.8580564
0.8553208
0.75234896
0.7905112
0.65439516
0.7211636
0.7275481
0.7594844
0.80002546
0.72839653
0.6768007
0.7496618
0.6026974
0.7788917
0.58411056
0.5954398
0.73646367
0.60472876
0.45381597
0.6142237
0.7696804
0.63666236
0.60185075
0.5929409
0.5261247
0.61862344
0.63534987
0.99999994
0.6931246
0.62801033
0.56801075
0.3337099
0.66102606
0.6636774
0.6643366
0.86504287
0.42981043
0.81552094
0.6588376
0.6870862
0.63431394
0.7897482
0.6322728
0.7396011
0.6199335
0.68353707
0.6525393
0.51710844
0.6321552
0.6133785
0.5851722
0.6814916
0.6526091
0.5129469
0.63230354
0.59471744
0.6652278
0.6746178
0.67968845
0.5550961
0.810374
0.5585117
0.56995595
0.78019816
0.5906194
0.50330096
0.64614296
0.5029075
0.5172214
0.86442935
0.7233052
0.45772249
0.6988404
0.29908815
0.73468083
0.67008424
0.6206212
0.6071786
0.65663207
0.64106023
0.6473483
0.64334536
0.45765635
0.621543
0.80389357
0.67214745
0.6862316
0.70590556
0.80672914
0.7079739
0.68317574
0.76545733
0.72016144
0.8074428
0.6714405
0.7367961
0.64522576
0.69265544
0.6046924
0.6513876
0.7126614
0.47490692
0.7273689
0.72133654
0.7211934
0.71288466
0.6402911
0.50399244
0.6878343
0.71170837
0.6931246
1.0
0.6123969
0.61354494
0.28524148
0.6970588
0.6296419
0.6774257
0.7590677
0.40574747
0.77992135
0.74351233
0.78993165
0.7998885
0.9052184
0.7036808
0.66953665
0.6974498
0.69891363
0.69366634
0.5510393
0.6406365
0.713455
0.6651533
0.72876275
0.6651614
0.55945426
0.6025391
0.6774812
0.749715
0.7661693
0.7420379
0.59439075
0.77767795
0.5588838
0.5768245
0.6845712
0.67484045
0.54775035
0.7392852
0.53611904
0.3670345
0.70729077
0.6940568
0.4335584
0.68968254
0.20038408
0.75698316
0.78511643
0.7562978
0.64753
0.74983656
0.7603243
0.7120166
0.7241225
0.47610506
0.69177836
0.7441072
0.5759045
0.6142382
0.5862329
0.70237017
0.723281
0.7052063
0.7164008
0.6960707
0.59750026
0.67627746
0.54251426
0.6594404
0.5419152
0.6657207
0.64389735
0.5327402
0.46614563
0.58756906
0.60867107
0.6133825
0.589799
0.5512282
0.6270702
0.68385994
0.603674
0.62801033
0.6123969
1.0
0.5142939
0.41812518
0.6634676
0.658846
0.60451007
0.6601954
0.38430822
0.66236174
0.64820397
0.6693726
0.5868829
0.63573456
0.59591484
0.6367773
0.6269061
0.6526359
0.63278395
0.51109123
0.5682707
0.58406377
0.5524318
0.65568155
0.60242534
0.48082504
0.51928484
0.56338084
0.61867696
0.66075027
0.6400841
0.5873637
0.62376845
0.64941096
0.66704464
0.5988819
0.5687769
0.4502683
0.64046884
0.47665486
0.5108411
0.6460072
0.6533345
0.33715037
0.61229646
0.21587577
0.6730495
0.6456627
0.6202461
0.54140717
0.6523823
0.596364
0.58850175
0.6044973
0.42211682
0.5996228
0.6551939
0.51003075
0.5580801
0.533821
0.63213944
0.6466491
0.6227769
0.626691
0.5743138
0.53757286
0.59217507
0.50003105
0.5319185
0.6037754
0.59965587
0.5619818
0.51313263
0.39993626
0.823217
0.6069066
0.77355367
0.69455504
0.66737264
0.5220589
0.5908913
0.6974396
0.56801075
0.61354494
0.5142939
1.0
0.2661939
0.5818711
0.55049837
0.52541995
0.5905374
0.66122633
0.6528828
0.6483249
0.8166495
0.6268672
0.6773734
0.6674708
0.5925545
0.6073689
0.6070846
0.58169854
0.47361812
0.6449167
0.58595353
0.8206236
0.59862924
0.6517836
0.66229385
0.5608331
0.7888633
0.7103169
0.579925
0.7468468
0.5389481
0.61518115
0.58832407
0.5330811
0.56686836
0.79510385
0.6079709
0.7385589
0.52073425
0.36788085
0.5527201
0.569347
0.3578698
0.65232384
0.20624986
0.7664938
0.7713894
0.68656623
0.7229195
0.7256799
0.6962067
0.71017545
0.73659605
0.6619524
0.8092743
0.7250937
0.6421248
0.6717034
0.54463196
0.6508729
0.6561605
0.7662753
0.7121682
0.6569551
0.3259246
0.44043133
0.26074436
0.67445767
0.251842
0.4236389
0.45759758
0.27864254
0.2846552
0.260177
0.3554391
0.29367718
0.2895011
0.29739037
0.45684373
0.4467599
0.2834341
0.3337099
0.28524148
0.41812518
0.2661939
1.0
0.31748727
0.36127833
0.32468197
0.31048712
0.23032922
0.32000878
0.34409046
0.26208845
0.3143461
0.30233082
0.334274
0.32973987
0.25785765
0.45729744
0.39317477
0.28542912
0.31064978
0.2584605
0.29015332
0.34780186
0.30995667
0.2808065
0.3122178
0.22651076
0.30714577
0.31865263
0.3196163
0.42817032
0.31304818
0.47802162
0.41998035
0.33873734
0.25413048
0.23395556
0.30709207
0.24280284
0.44852135
0.33100644
0.3682013
0.23262568
0.29116642
0.1670638
0.2972691
0.27055222
0.25129205
0.27928707
0.27202392
0.22239359
0.29626945
0.27009612
0.24547221
0.2558544
0.31942743
0.2982066
0.27892953
0.2600509
0.296619
0.3083281
0.26099923
0.3150802
0.2886484
0.6482823
0.6650187
0.610609
0.6465247
0.5736329
0.67638636
0.6420229
0.57014316
0.506962
0.64933664
0.7072306
0.6863519
0.65545416
0.6146122
0.6019335
0.65435106
0.66897106
0.66102606
0.6970588
0.6634676
0.5818711
0.31748727
1.0
0.6844371
0.6223241
0.7545933
0.39524943
0.76629305
0.7410224
0.71894366
0.68571424
0.71107465
0.67773324
0.6714893
0.7005692
0.70896304
0.67594534
0.57967365
0.61144304
0.62901306
0.6375213
0.7381232
0.65057224
0.53299975
0.61642057
0.58993405
0.75613415
0.72591144
0.72052085
0.5802557
0.7399985
0.63033605
0.65183055
0.7021816
0.5922728
0.5568232
0.69201523
0.58882445
0.4031363
0.70052624
0.69894636
0.37231094
0.69118273
0.18708597
0.69250125
0.73293555
0.7027784
0.5881867
0.73116565
0.66769737
0.6670009
0.707388
0.46053633
0.65946853
0.73250633
0.62201816
0.6393825
0.6337384
0.708824
0.70744854
0.67163473
0.70193195
0.68836254
0.6601567
0.6384677
0.58086556
0.66405505
0.52678466
0.7962777
0.65099543
0.5689454
0.44326228
0.5757617
0.6444328
0.62101114
0.6427639
0.56812656
0.7840392
0.6364129
0.6079093
0.6636774
0.6296419
0.658846
0.55049837
0.36127833
0.6844371
0.99999994
0.6139673
0.704645
0.34389672
0.6811395
0.70184416
0.67908883
0.5939421
0.64086044
0.6402034
0.648195
0.684895
0.67025733
0.6646692
0.5340933
0.6428824
0.56674796
0.62669545
0.74471396
0.6036575
0.4786241
0.61711437
0.5842661
0.6421398
0.6889235
0.6697567
0.5832275
0.6640514
0.7748631
0.793814
0.6383165
0.59930843
0.4617705
0.633013
0.4645019
0.37784603
0.78423136
0.831049
0.5015876
0.7374128
0.40695477
0.77979857
0.6390626
0.6719901
0.5396002
0.6281112
0.6126982
0.61383665
0.60336757
0.40278402
0.58799124
0.6760579
0.5292701
0.54032475
0.5203073
0.73459256
0.7394251
0.69982415
0.6587824
0.6598309
0.6620135
0.66797423
0.6437734
0.6576238
0.5200209
0.57093096
0.6441453
0.5629588
0.47918767
0.62310284
0.6925496
0.66345227
0.66212136
0.5277051
0.49227712
0.6215149
0.6397081
0.6643366
0.6774257
0.60451007
0.52541995
0.32468197
0.6223241
0.6139673
1.0
0.75392735
0.33866116
0.74388087
0.6692384
0.68023276
0.64968765
0.7088086
0.62208176
0.6674149
0.67949146
0.6512107
0.6171068
0.46833128
0.53909576
0.6169324
0.5868214
0.67386186
0.56691337
0.49573007
0.59869426
0.5688374
0.6747069
0.6780534
0.67011094
0.5810675
0.7288041
0.5505447
0.5441572
0.6604213
0.5726286
0.51772326
0.66156447
0.45734185
0.3845116
0.7032076
0.6476274
0.35958546
0.6035352
0.16219656
0.66209227
0.6760562
0.6558674
0.57399446
0.6386045
0.65989125
0.6174428
0.6395423
0.41231397
0.6094579
0.7127347
0.5406641
0.5725315
0.5625131
0.65364814
0.6236649
0.59738505
0.67000955
0.6556704
0.7582519
0.8450303
0.6669174
0.8406649
0.5889766
0.6595957
0.8301818
0.6272845
0.50252587
0.6678702
0.8897769
0.7215041
0.71313107
0.63656026
0.5820851
0.6713205
0.7130526
0.86504287
0.7590677
0.6601954
0.5905374
0.31048712
0.7545933
0.704645
0.75392735
1.0
0.3634914
0.9308063
0.73962235
0.7693345
0.7149923
0.8689389
0.71280235
0.83774716
0.7289946
0.7486297
0.70892906
0.55483776
0.63097376
0.71626806
0.6556595
0.77463853
0.6480283
0.56297404
0.64505047
0.6361079
0.78478634
0.749724
0.76569414
0.59707206
0.91510886
0.6268111
0.63450116
0.8593382
0.62375075
0.5644144
0.7083999
0.5746223
0.5254856
0.9145756
0.7394672
0.3639695
0.6944772
0.20008919
0.7453341
0.752251
0.7275961
0.65191025
0.7418882
0.73199445
0.7082692
0.71650434
0.4792481
0.6791822
0.907511
0.71686494
0.7650583
0.80379814
0.8323265
0.70054054
0.6810868
0.8606724
0.7997796
0.35430324
0.44360143
0.3129156
0.35599992
0.457849
0.37624362
0.42546192
0.37190586
0.2398284
0.69706154
0.4054361
0.7064827
0.45449653
0.5966863
0.45323485
0.44505697
0.4895342
0.42981043
0.40574747
0.38430822
0.66122633
0.23032922
0.39524943
0.34389672
0.33866116
0.3634914
1.0
0.44777247
0.44111243
0.52263254
0.50826436
0.4817572
0.47385734
0.42019016
0.40980196
0.45685217
0.53041273
0.36172298
0.506784
0.444252
0.59190524
0.3649239
0.64965665
0.54107785
0.37123927
0.6835005
0.48840293
0.36267668
0.5379417
0.42350662
0.4313459
0.36824656
0.30569857
0.40126878
0.6940733
0.5869962
0.6426586
0.40794426
0.46940398
0.3895867
0.39725986
0.38275707
0.5221485
0.25799003
0.5370918
0.5854635
0.44892454
0.50840443
0.46923044
0.48764348
0.5893229
0.5440576
0.57060844
0.59398824
0.5130041
0.5247516
0.52217954
0.40494198
0.50474775
0.5105135
0.58099145
0.5230139
0.49232656
0.742411
0.8079194
0.6378463
0.78702396
0.6171013
0.6755398
0.78282773
0.63152623
0.49599177
0.72579944
0.8615287
0.7495218
0.7355184
0.66482466
0.6052682
0.68414664
0.73593336
0.81552094
0.77992135
0.66236174
0.6528828
0.32000878
0.76629305
0.6811395
0.74388087
0.9308063
0.44777247
1.0
0.8595714
0.7920758
0.7463047
0.8889731
0.7214278
0.8249621
0.7383378
0.7474805
0.6984019
0.5504847
0.6658487
0.7291225
0.694476
0.7728474
0.6723222
0.6237026
0.62267524
0.6792289
0.7926801
0.74872875
0.79038775
0.60780984
0.8821418
0.6338588
0.61753076
0.836506
0.6744633
0.6255063
0.7477323
0.5902696
0.52623296
0.8540455
0.7350868
0.39318183
0.7185746
0.19595529
0.76229286
0.7880349
0.7461533
0.6788627
0.77760494
0.74921227
0.75499636
0.7387259
0.5568412
0.7306925
0.89864516
0.7428012
0.7814167
0.7776599
0.8272833
0.735506
0.728216
0.8527761
0.8050849
0.71960205
0.67341757
0.62773997
0.6631267
0.6455435
0.8215649
0.6573486
0.6556416
0.451785
0.73354775
0.7389285
0.73709005
0.7064075
0.6152942
0.6262756
0.6918717
0.7095228
0.6588376
0.74351233
0.64820397
0.6483249
0.34409046
0.7410224
0.70184416
0.6692384
0.73962235
0.44111243
0.8595714
1.0
0.7720912
0.6983344
0.7704637
0.72630626
0.7089082
0.71663725
0.68527174
0.6436499
0.5427933
0.6475133
0.7145601
0.69598246
0.93728524
0.6323168
0.5842503
0.58741915
0.6647774
0.7789616
0.75048786
0.762233
0.592946
0.7536827
0.64890635
0.6431725
0.67373586
0.6765708
0.5930701
0.75701624
0.54156375
0.39045593
0.6782406
0.8582284
0.399033
0.6624529
0.16339853
0.72904253
0.75963235
0.74541634
0.62368995
0.7665132
0.7230831
0.7002687
0.6990802
0.52252537
0.70114064
0.7637791
0.6179702
0.6497611
0.5945345
0.68224317
0.7050746
0.68656296
0.7268264
0.6821097
0.69377744
0.71039015
0.6349671
0.65856653
0.694488
0.69784516
0.6738013
0.65394413
0.5073371
0.8873841
0.75805163
0.8345516
0.80981976
0.6969631
0.5976423
0.7250992
0.8087632
0.6870862
0.78993165
0.6693726
0.8166495
0.26208845
0.71894366
0.67908883
0.68023276
0.7693345
0.52263254
0.7920758
0.7720912
1.0
0.7290914
0.8070513
0.7549082
0.7193881
0.75504076
0.713709
0.6956082
0.54022294
0.6976339
0.731892
0.7854058
0.7602315
0.6777765
0.6777189
0.63957846
0.83883446
0.7926839
0.77504873
0.8335883
0.63691413
0.7464484
0.6606626
0.6779987
0.6904418
0.82929075
0.64307934
0.8331851
0.61705744
0.39372554
0.69370884
0.69844127
0.33505416
0.7422025
0.13862559
0.91755
0.86959374
0.8528164
0.771691
0.8434639
0.8321304
0.76622015
0.8180919
0.60290074
0.8682368
0.82414615
0.67832386
0.72763646
0.65431976
0.7513179
0.7712105
0.8699149
0.7774086
0.7592418
0.7931771
0.6828714
0.7732274
0.62426794
0.5980707
0.5846438
0.63982683
0.6245471
0.49823743
0.72789055
0.7085703
0.7509338
0.690573
0.6607803
0.58421755
0.67523855
0.70567477
0.63431394
0.7998885
0.5868829
0.6268672
0.3143461
0.68571424
0.5939421
0.64968765
0.7149923
0.50826436
0.7463047
0.6983344
0.7290914
1.0
0.76820695
0.69874424
0.6634122
0.6663901
0.72722477
0.70502216
0.48741457
0.62954426
0.64080834
0.6607388
0.6693618
0.7176741
0.6692184
0.61653125
0.69057745
0.7437149
0.6929208
0.7825911
0.6177636
0.7489443
0.59842855
0.56752217
0.68213516
0.6943513
0.6282532
0.727146
0.6699774
0.44213542
0.6354824
0.6082223
0.38862914
0.67904663
0.18365057
0.67017174
0.749325
0.6851105
0.6620481
0.72687244
0.73073244
0.88853204
0.82261837
0.61094695
0.7571496
0.764293
0.66984385
0.7178443
0.6703034
0.68216485
0.68390954
0.67464775
0.7531171
0.6963211
0.77084535
0.781497
0.6742133
0.7401357
0.6638119
0.63747627
0.74786454
0.6631455
0.48585624
0.7753858
0.82774705
0.7390802
0.72753465
0.6788014
0.563936
0.6836013
0.7327371
0.7897482
0.9052184
0.63573456
0.6773734
0.30233082
0.71107465
0.64086044
0.7088086
0.8689389
0.4817572
0.8889731
0.7704637
0.8070513
0.76820695
1.0
0.7387494
0.8109334
0.71760964
0.70477235
0.6938479
0.5687129
0.68008775
0.73265934
0.71717405
0.7361964
0.6665943
0.6223501
0.6175404
0.7191829
0.7763207
0.7232505
0.75442404
0.643582
0.8728999
0.583836
0.57301205
0.80083174
0.7202945
0.6251486
0.7483466
0.5645358
0.52207655
0.80882937
0.7103848
0.4663538
0.7375212
0.22722135
0.7814673
0.7916111
0.7620889
0.7178777
0.7767384
0.75085974
0.7383108
0.7344509
0.54909277
0.7417094
0.85432774
0.73257256
0.75222147
0.73863846
0.83013386
0.75888103
0.77406895
0.82201415
0.8201726
0.6700686
0.6507436
0.6466397
0.6530156
0.59088075
0.67242974
0.6261818
0.6079586
0.46037444
0.71601623
0.7477842
0.74684596
0.7505006
0.64945734
0.5635807
0.6544016
0.6960975
0.6322728
0.7036808
0.59591484
0.6674708
0.334274
0.67773324
0.6402034
0.62208176
0.71280235
0.47385734
0.7214278
0.72630626
0.7549082
0.69874424
0.7387494
1.0
0.66377944
0.7017397
0.64822453
0.6674634
0.58745146
0.7115381
0.6796481
0.8283529
0.73381966
0.66029143
0.6477173
0.57725817
0.6926317
0.79124284
0.7046542
0.78682977
0.61249137
0.7064507
0.5883767
0.5882263
0.67172825
0.70007855
0.6230575
0.737631
0.6108065
0.3735323
0.66061455
0.69018
0.36228496
0.7028565
0.20991914
0.7187533
0.7330917
0.73912126
0.67014647
0.77455854
0.7228175
0.7364987
0.74773794
0.583656
0.7502019
0.77149296
0.6557575
0.6982057
0.6305939
0.7054864
0.7155291
0.7130082
0.7518003
0.7669056
0.63882697
0.7702762
0.5684129
0.74019796
0.56270355
0.65078604
0.73900056
0.55126476
0.48183835
0.6864768
0.80274355
0.69267124
0.66554624
0.6366956
0.6167175
0.6490108
0.65610665
0.7396011
0.66953665
0.6367773
0.5925545
0.32973987
0.6714893
0.648195
0.6674149
0.83774716
0.42019016
0.8249621
0.7089082
0.7193881
0.6634122
0.8109334
0.66377944
1.0
0.666778
0.6892437
0.6402003
0.51038677
0.611718
0.6443671
0.6269169
0.7065224
0.6008427
0.58597517
0.60506636
0.6453234
0.72494084
0.66232413
0.6998232
0.64934963
0.8053442
0.6233342
0.58324504
0.7626979
0.6401657
0.57716525
0.6926508
0.55494064
0.55372775
0.78622055
0.6886104
0.39951807
0.6778351
0.2153555
0.70878506
0.7073142
0.6957356
0.68064696
0.71468276
0.63149667
0.685841
0.697033
0.5129379
0.6851399
0.81305224
0.716551
0.73189604
0.7356398
0.7827011
0.6925987
0.6949667
0.7763475
0.7703245
0.66474295
0.64903027
0.6299029
0.6209677
0.5798147
0.62963146
0.6207622
0.5682094
0.45621353
0.66669035
0.6951803
0.71294874
0.77245885
0.62581986
0.56671906
0.63766927
0.6677271
0.6199335
0.6974498
0.6269061
0.6073689
0.25785765
0.7005692
0.684895
0.67949146
0.7289946
0.40980196
0.7383378
0.71663725
0.75504076
0.6663901
0.71760964
0.7017397
0.666778
1.0
0.6348845
0.65572685
0.5363514
0.67828125
0.6750356
0.7271754
0.7164828
0.61912036
0.6009384
0.5958932
0.6436764
0.715704
0.70011854
0.75459135
0.59396136
0.68548745
0.5942133
0.58590627
0.66992325
0.6408189
0.583533
0.7003707
0.5357154
0.355989
0.68123174
0.68263435
0.31787044
0.7000742
0.18182981
0.7257841
0.76278
0.71305984
0.63772506
0.7456585
0.7051792
0.6978556
0.71899366
0.5393777
0.7043105
0.7488762
0.5899251
0.6318683
0.57877916
0.70634604
0.7040861
0.70491356
0.71292835
0.7023066
0.6342515
0.68870467
0.63436466
0.6825383
0.55123484
0.6635672
0.6575026
0.6050657
0.46563202
0.6719254
0.7200425
0.7349101
0.6343007
0.62907785
0.6676491
0.6655003
0.68163264
0.68353707
0.69891363
0.6526359
0.6070846
0.45729744
0.70896304
0.67025733
0.6512107
0.7486297
0.45685217
0.7474805
0.68527174
0.713709
0.72722477
0.70477235
0.64822453
0.6892437
0.6348845
1.0
0.7564551
0.49267963
0.5901355
0.66104597
0.6233716
0.68456995
0.6386831
0.5842734
0.64090174
0.62666106
0.7434414
0.7044907
0.7530315
0.6196369
0.7370925
0.65411204
0.65785164
0.66280586
0.6334472
0.5406666
0.7080575
0.583135
0.49109858
0.71511495
0.6731976
0.40494794
0.6858799
0.23078969
0.70697737
0.7248689
0.66810757
0.6212073
0.67657936
0.67419416
0.7307672
0.7639806
0.5217723
0.68016034
0.74829006
0.61211324
0.644663
0.6154247
0.69499195
0.684028
0.6588857
0.72197556
0.6617356
0.6353027
0.7371411
0.6125064
0.67160106
0.6210104
0.61033154
0.7185704
0.64094824
0.48333886
0.6361505
0.6757938
0.69285405
0.6245666
0.6030652
0.6383181
0.7237808
0.70850104
0.6525393
0.69366634
0.63278395
0.58169854
0.39317477
0.67594534
0.6646692
0.6171068
0.70892906
0.53041273
0.6984019
0.6436499
0.6956082
0.70502216
0.6938479
0.6674634
0.6402003
0.65572685
0.7564551
0.99999994
0.5003201
0.5902774
0.64650875
0.60274297
0.6532857
0.73067254
0.5823802
0.63838124
0.5954104
0.7235266
0.6814721
0.75593585
0.71840703
0.6896267
0.61085725
0.6218447
0.6863693
0.59412485
0.51228863
0.6736438
0.5702839
0.5574042
0.7086618
0.67351955
0.4176482
0.7149924
0.24864484
0.71719235
0.67372483
0.66433424
0.5681946
0.6695582
0.6454603
0.7137454
0.7309096
0.5527498
0.67750424
0.7388186
0.6014153
0.6430233
0.5902481
0.7091631
0.70713335
0.68343407
0.701791
0.6502269
0.51593035
0.5010276
0.4784284
0.5163937
0.50025684
0.5347921
0.4846625
0.49467093
0.34109184
0.533511
0.58972293
0.52906144
0.5463137
0.48740256
0.41983077
0.5014117
0.52070093
0.51710844
0.5510393
0.51109123
0.47361812
0.28542912
0.57967365
0.5340933
0.46833128
0.55483776
0.36172298
0.5504847
0.5427933
0.54022294
0.48741457
0.5687129
0.58745146
0.51038677
0.5363514
0.49267963
0.5003201
1.0
0.5416757
0.48384023
0.5363472
0.5562233
0.50044554
0.42020527
0.48414946
0.49973127
0.5776187
0.5450468
0.5717298
0.46302497
0.5982201
0.4355089
0.4858335
0.4795476
0.52522117
0.50812155
0.5327107
0.38375965
0.2996884
0.5406165
0.5511527
0.40221027
0.5549443
0.22712491
0.54405385
0.5516944
0.59885055
0.47134736
0.5646986
0.52408147
0.5102625
0.50978404
0.4268037
0.5245977
0.56940866
0.4542706
0.4692913
0.42446372
0.55757964
0.5631858
0.53479576
0.5665896
0.53889406
0.5606389
0.6134368
0.53733766
0.5913083
0.6038808
0.6006374
0.592738
0.5988112
0.41515177
0.6756955
0.6251309
0.6746756
0.68026775
0.63238055
0.5602292
0.5920502
0.6417517
0.6321552
0.6406365
0.5682707
0.6449167
0.31064978
0.61144304
0.6428824
0.53909576
0.63097376
0.506784
0.6658487
0.6475133
0.6976339
0.62954426
0.68008775
0.7115381
0.611718
0.67828125
0.5901355
0.5902774
0.5416757
0.9999999
0.6145506
0.8094305
0.6215112
0.6495281
0.61606526
0.5808527
0.67134976
0.67008364
0.59249836
0.71905303
0.54453456
0.6376867
0.5467492
0.56928605
0.6220939
0.6882014
0.6000529
0.65204674
0.5694541
0.42116857
0.6494515
0.6523751
0.43979788
0.7391755
0.31575716
0.7245787
0.7025397
0.64164937
0.64963526
0.68619597
0.6252087
0.7030073
0.7150467
0.5955355
0.7289825
0.71212876
0.6594923
0.6693458
0.59404236
0.7324795
0.7210188
0.7496912
0.70407456
0.7054279
0.6215505
0.64620054
0.55108875
0.6000484
0.59799623
0.5896338
0.61576307
0.60524666
0.40120906
0.67872894
0.715831
0.70747787
0.7012681
0.5955112
0.4598008
0.622182
0.68062735
0.6133785
0.713455
0.58406377
0.58595353
0.2584605
0.62901306
0.56674796
0.6169324
0.71626806
0.444252
0.7291225
0.7145601
0.731892
0.64080834
0.73265934
0.6796481
0.6443671
0.6750356
0.66104597
0.64650875
0.48384023
0.6145506
1.0
0.65594184
0.7127002
0.617983
0.55074483
0.5323185
0.6343822
0.7144207
0.67119175
0.72905767
0.5393483
0.7009892
0.5065466
0.53141093
0.6610429
0.625929
0.5576322
0.68955797
0.5430161
0.35231996
0.6669108
0.6756783
0.35404143
0.6743023
0.15623477
0.70211357
0.7425282
0.67473227
0.6155152
0.70951885
0.73991257
0.68115497
0.71505076
0.5195029
0.6783368
0.7336038
0.5894262
0.6346812
0.5915354
0.68948716
0.6770012
0.68245727
0.6899399
0.66234034
0.5946952
0.62252814
0.57347554
0.5925938
0.59409255
0.6538118
0.592215
0.5546814
0.43177518
0.7699858
0.67143947
0.7754072
0.77450866
0.6488985
0.55659
0.6084536
0.7306511
0.5851722
0.6651533
0.5524318
0.8206236
0.29015332
0.6375213
0.62669545
0.5868214
0.6556595
0.59190524
0.694476
0.69598246
0.7854058
0.6607388
0.71717405
0.8283529
0.6269169
0.7271754
0.6233716
0.60274297
0.5363472
0.8094305
0.65594184
1.0
0.67211056
0.6809157
0.7035804
0.5822545
0.7429299
0.7563661
0.62593627
0.8083698
0.5607765
0.65907514
0.58467036
0.5827068
0.63411874
0.7469806
0.65855175
0.7313602
0.5943968
0.35755458
0.608007
0.63275796
0.34908867
0.7132589
0.18622288
0.74036866
0.767822
0.71695083
0.7432091
0.7833367
0.7400645
0.7543127
0.77124155
0.66859657
0.80836594
0.77797014
0.69048744
0.7205601
0.60372376
0.7045628
0.69953746
0.76191217
0.7504663
0.7657229
0.74417526
0.6897149
0.6667761
0.69828665
0.6380846
0.8596668
0.6857601
0.6709483
0.4562327
0.6930952
0.750809
0.72121
0.6912375
0.58725023
0.6214283
0.69524485
0.6946143
0.6814916
0.72876275
0.65568155
0.59862924
0.34780186
0.7381232
0.74471396
0.67386186
0.77463853
0.3649239
0.7728474
0.93728524
0.7602315
0.6693618
0.7361964
0.73381966
0.7065224
0.7164828
0.68456995
0.6532857
0.5562233
0.6215112
0.7127002
0.67211056
1.0
0.6109759
0.52597505
0.6126033
0.6319462
0.7835446
0.76723194
0.7461604
0.59062517
0.769049
0.6589897
0.67962694
0.6687053
0.6406708
0.5363991
0.73585635
0.5247246
0.3631515
0.7073328
0.9113932
0.37972233
0.63782287
0.16254772
0.71865946
0.7324569
0.7420525
0.5956821
0.7439471
0.7141328
0.6543463
0.68124586
0.44759008
0.6569001
0.753846
0.5731373
0.61332965
0.5859867
0.6642721
0.67708087
0.64328784
0.7174466
0.6594957
0.64485973
0.648059
0.57577896
0.5883986
0.5971657
0.5680547
0.62563443
0.5859361
0.41968378
0.6499948
0.6255638
0.67952245
0.6546369
0.6105734
0.58045435
0.6347758
0.6873733
0.6526091
0.6651614
0.60242534
0.6517836
0.30995667
0.65057224
0.6036575
0.56691337
0.6480283
0.64965665
0.6723222
0.6323168
0.6777765
0.7176741
0.6665943
0.66029143
0.6008427
0.61912036
0.6386831
0.73067254
0.50044554
0.6495281
0.617983
0.6809157
0.6109759
1.0
0.6352598
0.5806937
0.6343818
0.6704206
0.62061954
0.74749905
0.56753635
0.6543998
0.5492366
0.5670901
0.6387104
0.632644
0.52685267
0.6504517
0.5936339
0.50104517
0.6542841
0.6339517
0.43140578
0.6942175
0.2853958
0.69824064
0.6707248
0.63268006
0.59421057
0.69885826
0.65470225
0.7454951
0.73575896
0.59339935
0.7004539
0.72145194
0.6200474
0.66738033
0.5941299
0.6825048
0.6788883
0.681666
0.7055511
0.644042
0.5028143
0.585567
0.49653226
0.50105006
0.50856435
0.5137938
0.5490807
0.45429447
0.3369252
0.69529146
0.5998258
0.6790427
0.68522894
0.5911564
0.52328664
0.56612635
0.77030486
0.5129469
0.55945426
0.48082504
0.66229385
0.2808065
0.53299975
0.4786241
0.49573007
0.56297404
0.54107785
0.6237026
0.5842503
0.6777189
0.6692184
0.6223501
0.6477173
0.58597517
0.6009384
0.5842734
0.5823802
0.42020527
0.61606526
0.55074483
0.7035804
0.52597505
0.6352598
1.0
0.4975605
0.6506952
0.6742969
0.52949905
0.86463803
0.5289911
0.5964405
0.5401443
0.46292615
0.5372122
0.6471321
0.6184332
0.63673794
0.6348333
0.4232157
0.51035297
0.48807132
0.33237234
0.6605228
0.13280742
0.6272265
0.6789437
0.58845615
0.68939954
0.6870702
0.6626787
0.83935106
0.78349227
0.86327374
0.8726207
0.81106454
0.7698427
0.8170205
0.6174921
0.6489899
0.63933593
0.6974104
0.7711561
0.67554426
0.5632097
0.6082359
0.612899
0.5787968
0.51209533
0.5340461
0.5707425
0.5324984
0.49143475
0.58166796
0.616112
0.61188257
0.5771349
0.49555272
0.51804143
0.57281303
0.6387755
0.63230354
0.6025391
0.51928484
0.5608331
0.3122178
0.61642057
0.61711437
0.59869426
0.64505047
0.37123927
0.62267524
0.58741915
0.63957846
0.61653125
0.6175404
0.57725817
0.60506636
0.5958932
0.64090174
0.63838124
0.48414946
0.5808527
0.5323185
0.5822545
0.6126033
0.5806937
0.4975605
0.99999994
0.54166335
0.64089024
0.58713126
0.64788926
0.57722825
0.6425411
0.51332027
0.5306915
0.57401955
0.5524183
0.4850946
0.5747268
0.47415546
0.38406083
0.6335238
0.6168893
0.38769045
0.6470041
0.20453456
0.6473648
0.602325
0.6078427
0.55123657
0.613106
0.59955376
0.61543167
0.65589005
0.43564236
0.5818608
0.6397117
0.52880853
0.5322482
0.5033582
0.6422798
0.62013394
0.6230015
0.6072233
0.60942835
0.6340608
0.6212632
0.57288665
0.54548687
0.63065976
0.59736204
0.5927236
0.5726727
0.41026908
0.8877911
0.6457366
0.8670317
0.6984371
0.8192947
0.5398354
0.6336434
0.67825913
0.59471744
0.6774812
0.56338084
0.7888633
0.22651076
0.58993405
0.5842661
0.5688374
0.6361079
0.6835005
0.6792289
0.6647774
0.83883446
0.69057745
0.7191829
0.6926317
0.6453234
0.6436764
0.62666106
0.5954104
0.49973127
0.67134976
0.6343822
0.7429299
0.6319462
0.6343818
0.6506952
0.54166335
1.0
0.6959302
0.6422987
0.73498833
0.53148466
0.6617492
0.5623542
0.535368
0.6029935
0.95771074
0.6824842
0.8401797
0.51881385
0.39477366
0.60225326
0.60928744
0.394492
0.6598823
0.41108692
0.7969353
0.81593984
0.74206245
0.6968846
0.6991036
0.71774477
0.78281707
0.7243511
0.5904386
0.7923533
0.72977173
0.6262932
0.65995026
0.5619513
0.6697717
0.6866497
0.7718593
0.80231935
0.6830842
0.6948394
0.6949947
0.6620091
0.65198964
0.6358461
0.69806725
0.68231344
0.6564345
0.46287334
0.75807
0.77983147
0.81538886
0.76249874
0.61773956
0.5681876
0.6834773
0.7833124
0.6652278
0.749715
0.61867696
0.7103169
0.30714577
0.75613415
0.6421398
0.6747069
0.78478634
0.48840293
0.7926801
0.7789616
0.7926839
0.7437149
0.7763207
0.79124284
0.72494084
0.715704
0.7434414
0.7235266
0.5776187
0.67008364
0.7144207
0.7563661
0.7835446
0.6704206
0.6742969
0.64089024
0.6959302
1.0
0.75451446
0.8447693
0.6031015
0.7742624
0.6244817
0.623228
0.6961393
0.6923951
0.6541369
0.78904605
0.66225976
0.3779173
0.70237416
0.7139863
0.3549485
0.7175323
0.123815216
0.733745
0.7976645
0.7937401
0.6749916
0.81460303
0.77126044
0.7782957
0.82240266
0.6106036
0.7808996
0.82951224
0.69792867
0.74321806
0.68349236
0.7272676
0.72566116
0.7158908
0.77860814
0.7468111
0.75599825
0.6524047
0.6521589
0.64417344
0.581968
0.6895362
0.63825893
0.60625756
0.5156286
0.6654043
0.68798167
0.6981525
0.6996755
0.5918468
0.5431742
0.85284567
0.69921315
0.6746178
0.7661693
0.66075027
0.579925
0.31865263
0.72591144
0.6889235
0.6780534
0.749724
0.36267668
0.74872875
0.75048786
0.77504873
0.6929208
0.7232505
0.7046542
0.66232413
0.70011854
0.7044907
0.6814721
0.5450468
0.59249836
0.67119175
0.62593627
0.76723194
0.62061954
0.52949905
0.58713126
0.6422987
0.75451446
1.0
0.74600285
0.6401913
0.7234081
0.6138329
0.6727745
0.6530195
0.6368218
0.50203717
0.88009435
0.5396143
0.3190217
0.69573903
0.7229387
0.34996206
0.6525809
0.17666863
0.74042726
0.73020154
0.7718427
0.60100096
0.73439354
0.74474585
0.67949826
0.704624
0.45586696
0.6633708
0.73197144
0.5615644
0.5968768
0.568763
0.65769964
0.82884467
0.65973467
0.6971802
0.6599252
0.69618106
0.7173941
0.689021
0.6678758
0.65241444
0.685451
0.6973072
0.6426632
0.4587533
0.78854656
0.75106287
0.8280789
0.8140785
0.66796535
0.5965356
0.71256894
0.88825953
0.67968845
0.7420379
0.6400841
0.7468468
0.3196163
0.72052085
0.6697567
0.67011094
0.76569414
0.5379417
0.79038775
0.762233
0.8335883
0.7825911
0.75442404
0.78682977
0.6998232
0.75459135
0.7530315
0.75593585
0.5717298
0.71905303
0.72905767
0.8083698
0.7461604
0.74749905
0.86463803
0.64788926
0.73498833
0.8447693
0.74600285
1.0
0.6143822
0.76451904
0.6368782
0.64438564
0.67996085
0.7343806
0.6630965
0.7879447
0.6910094
0.40903136
0.6989343
0.6948257
0.3821786
0.7831583
0.17035593
0.7813321
0.81822425
0.7628812
0.74881333
0.83167773
0.8201714
0.90360063
0.8941001
0.8354046
0.92844415
0.9382003
0.79035467
0.85227233
0.6817984
0.7669242
0.77087206
0.78786516
0.8900094
0.7624598
0.54805875
0.7243418
0.52507675
0.6380554
0.52149045
0.5459635
0.6552018
0.49846497
0.61600584
0.58699673
0.6290791
0.58376575
0.57038873
0.518854
0.6064804
0.7604669
0.61904514
0.5550961
0.59439075
0.5873637
0.5389481
0.42817032
0.5802557
0.5832275
0.5810675
0.59707206
0.42350662
0.60780984
0.592946
0.63691413
0.6177636
0.643582
0.61249137
0.64934963
0.59396136
0.6196369
0.71840703
0.46302497
0.54453456
0.5393483
0.5607765
0.59062517
0.56753635
0.5289911
0.57722825
0.53148466
0.6031015
0.6401913
0.6143822
1.0
0.58803695
0.62144476
0.56729496
0.60892534
0.55985343
0.49626327
0.6372633
0.5250018
0.5591537
0.5534218
0.5577573
0.2974196
0.5833391
0.120666474
0.6060828
0.60340494
0.60853827
0.6109239
0.65034586
0.5545013
0.6036758
0.61373794
0.46487555
0.601798
0.62605023
0.579533
0.5882664
0.5595538
0.6005985
0.63974154
0.6089959
0.5858328
0.6242023
0.75250715
0.77366656
0.6757633
0.7658358
0.6117045
0.6493142
0.7508941
0.6353034
0.48026726
0.7837495
0.8596127
0.7334423
0.70434237
0.6446187
0.5607763
0.6429235
0.7101998
0.810374
0.77767795
0.62376845
0.61518115
0.31304818
0.7399985
0.6640514
0.7288041
0.91510886
0.4313459
0.8821418
0.7536827
0.7464484
0.7489443
0.8728999
0.7064507
0.8053442
0.68548745
0.7370925
0.6896267
0.5982201
0.6376867
0.7009892
0.65907514
0.769049
0.6543998
0.5964405
0.6425411
0.6617492
0.7742624
0.7234081
0.76451904
0.58803695
0.99999994
0.58996826
0.5829646
0.8014909
0.65903276
0.61985326
0.72224617
0.5686717
0.4871689
0.84525126
0.73619485
0.61461943
0.6968759
0.22967336
0.72691745
0.74215126
0.73406214
0.6409185
0.7362609
0.7024445
0.7293097
0.7220362
0.53637385
0.70160854
0.872223
0.72489566
0.7510002
0.7544009
0.8043515
0.70637524
0.6883909
0.8410189
0.7772925
0.56758803
0.66619736
0.51340365
0.6352321
0.5095935
0.73495567
0.67637414
0.47709388
0.47699195
0.5840445
0.6191761
0.60485476
0.6069495
0.56163406
0.8357731
0.6625495
0.60623515
0.5585117
0.5588838
0.64941096
0.58832407
0.47802162
0.63033605
0.7748631
0.5505447
0.6268111
0.36824656
0.6338588
0.64890635
0.6606626
0.59842855
0.583836
0.5883767
0.6233342
0.5942133
0.65411204
0.61085725
0.4355089
0.5467492
0.5065466
0.58467036
0.6589897
0.5492366
0.5401443
0.51332027
0.5623542
0.6244817
0.6138329
0.6368782
0.62144476
0.58996826
0.99999994
0.73040295
0.6147718
0.5793012
0.44961613
0.61576945
0.5312957
0.5050507
0.5758381
0.61342484
0.25913352
0.5645835
0.14591835
0.62435335
0.6334711
0.62260944
0.5711163
0.61881703
0.56833994
0.6063783
0.58613086
0.45422253
0.59840095
0.6455555
0.5711292
0.5920205
0.5658237
0.585823
0.591404
0.5927543
0.61704475
0.6275348
0.58412236
0.6203614
0.5348255
0.61948496
0.5013063
0.81244457
0.6332457
0.5216853
0.45790657
0.5474363
0.58431333
0.5851633
0.62520677
0.5219621
0.747183
0.6569669
0.5864055
0.56995595
0.5768245
0.66704464
0.5330811
0.41998035
0.65183055
0.793814
0.5441572
0.63450116
0.30569857
0.61753076
0.6431725
0.6779987
0.56752217
0.57301205
0.5882263
0.58324504
0.58590627
0.65785164
0.6218447
0.4858335
0.56928605
0.53141093
0.5827068
0.67962694
0.5670901
0.46292615
0.5306915
0.535368
0.623228
0.6727745
0.64438564
0.56729496
0.5829646
0.73040295
1.0
0.5930157
0.54199874
0.42462364
0.60975844
0.50046575
0.4170776
0.59885204
0.64770854
0.2631019
0.59657377
0.17252491
0.6555172
0.6141353
0.61909413
0.5257707
0.62550247
0.5925072
0.57556266
0.6091302
0.40387917
0.57855976
0.6242366
0.49812716
0.52700794
0.5066849
0.5887876
0.6262088
0.6015465
0.597537
0.5922533
0.6607115
0.7804364
0.5786089
0.753606
0.5386955
0.61447793
0.7563598
0.54093236
0.4875033
0.6378044
0.80419445
0.6707012
0.6593942
0.6224911
0.5717014
0.6363546
0.6332262
0.78019816
0.6845712
0.5988819
0.56686836
0.33873734
0.7021816
0.6383165
0.6604213
0.8593382
0.40126878
0.836506
0.67373586
0.6904418
0.68213516
0.80083174
0.67172825
0.7626979
0.66992325
0.66280586
0.6863693
0.4795476
0.6220939
0.6610429
0.63411874
0.6687053
0.6387104
0.5372122
0.57401955
0.6029935
0.6961393
0.6530195
0.67996085
0.60892534
0.8014909
0.6147718
0.5930157
1.0
0.59427476
0.5700351
0.662543
0.5394261
0.55454713
0.8019832
0.6542258
0.36224946
0.6715529
0.1964778
0.6815158
0.6846006
0.6451962
0.60330474
0.6840666
0.64843774
0.6676135
0.655915
0.47140172
0.6384189
0.8053809
0.6788567
0.71130216
0.7350915
0.784856
0.67632943
0.66784793
0.7623048
0.77074814
0.6245789
0.61799586
0.57324696
0.5476811
0.63783115
0.6119738
0.59267646
0.5839804
0.43241197
0.8862835
0.65364146
0.85941374
0.6791654
0.79672265
0.5667019
0.6351984
0.68305135
0.5906194
0.67484045
0.5687769
0.79510385
0.25413048
0.5922728
0.59930843
0.5726286
0.62375075
0.6940733
0.6744633
0.6765708
0.82929075
0.6943513
0.7202945
0.70007855
0.6401657
0.6408189
0.6334472
0.59412485
0.52522117
0.6882014
0.625929
0.7469806
0.6406708
0.632644
0.6471321
0.5524183
0.95771074
0.6923951
0.6368218
0.7343806
0.55985343
0.65903276
0.5793012
0.54199874
0.59427476
0.99999994
0.68070596
0.8352439
0.5294673
0.41213614
0.60060644
0.62543476
0.41893712
0.6795436
0.4064615
0.7970774
0.80282706
0.7509717
0.7101615
0.70033056
0.6957531
0.76051545
0.7187192
0.6083169
0.7969737
0.7258517
0.6379669
0.66644806
0.5655027
0.68333626
0.70394725
0.78575265
0.7901866
0.6878837
0.45670518
0.55934966
0.4612806
0.48230615
0.49201682
0.48272043
0.50517476
0.4496349
0.35423747
0.7564015
0.6101031
0.77180713
0.6174351
0.5922148
0.43566188
0.5187949
0.5811881
0.50330096
0.54775035
0.4502683
0.6079709
0.23395556
0.5568232
0.4617705
0.51772326
0.5644144
0.5869962
0.6255063
0.5930701
0.64307934
0.6282532
0.6251486
0.6230575
0.57716525
0.583533
0.5406666
0.51228863
0.50812155
0.6000529
0.5576322
0.65855175
0.5363991
0.52685267
0.6184332
0.4850946
0.6824842
0.6541369
0.50203717
0.6630965
0.49626327
0.61985326
0.44961613
0.42462364
0.5700351
0.68070596
1.0
0.7012478
0.5776091
0.36788952
0.5107969
0.4961618
0.36810258
0.5935255
0.12954414
0.5964647
0.7311471
0.6083778
0.64776987
0.6209168
0.5956713
0.6884532
0.6586628
0.5903453
0.6874285
0.6589952
0.6446881
0.6595227
0.5903584
0.6032623
0.57626134
0.6332538
0.6314152
0.62021965
0.6974621
0.66766864
0.613595
0.6115815
0.60796607
0.6749648
0.63812536
0.5762351
0.4741013
0.8793678
0.69885296
0.9189106
0.7368137
0.71354556
0.5587931
0.8067211
0.7211483
0.64614296
0.7392852
0.64046884
0.7385589
0.30709207
0.69201523
0.633013
0.66156447
0.7083999
0.6426586
0.7477323
0.75701624
0.8331851
0.727146
0.7483466
0.737631
0.6926508
0.7003707
0.7080575
0.6736438
0.5327107
0.65204674
0.68955797
0.7313602
0.73585635
0.6504517
0.63673794
0.5747268
0.8401797
0.78904605
0.88009435
0.7879447
0.6372633
0.72224617
0.61576945
0.60975844
0.662543
0.8352439
0.7012478
1.0
0.5893263
0.3818404
0.6582079
0.69318604
0.3959385
0.68773156
0.19249046
0.78783345
0.8533171
0.7939274
0.7035702
0.7567896
0.7713442
0.7518784
0.7610554
0.59225875
0.7756919
0.770496
0.653119
0.687061
0.6119071
0.6910847
0.81212986
0.7483819
0.741917
0.697987
0.46890253
0.56351995
0.46979228
0.4852555
0.48553985
0.47839394
0.53027725
0.4724719
0.42451245
0.5931907
0.6048271
0.6251989
0.6029872
0.502439
0.50733465
0.54393893
0.64040273
0.5029075
0.53611904
0.47665486
0.52073425
0.24280284
0.58882445
0.4645019
0.45734185
0.5746223
0.40794426
0.5902696
0.54156375
0.61705744
0.6699774
0.5645358
0.6108065
0.55494064
0.5357154
0.583135
0.5702839
0.38375965
0.5694541
0.5430161
0.5943968
0.5247246
0.5936339
0.6348333
0.47415546
0.51881385
0.66225976
0.5396143
0.6910094
0.5250018
0.5686717
0.5312957
0.50046575
0.5394261
0.5294673
0.5776091
0.5893263
1.0000001
0.37568042
0.5108153
0.4776737
0.257509
0.57995284
0.07449024
0.5656529
0.652941
0.58703953
0.6076273
0.62261015
0.5800037
0.70491487
0.73140347
0.5847431
0.69897676
0.6651341
0.7998874
0.8643518
0.88705266
0.5773145
0.56777376
0.58786684
0.6179373
0.61936384
0.35685545
0.7856597
0.2942712
0.58833724
0.38427666
0.39608642
0.7193978
0.3461625
0.33832482
0.3985471
0.49900827
0.3980929
0.3471257
0.4617846
0.67688257
0.6287244
0.37796125
0.5172214
0.3670345
0.5108411
0.36788085
0.44852135
0.4031363
0.37784603
0.3845116
0.5254856
0.46940398
0.52623296
0.39045593
0.39372554
0.44213542
0.52207655
0.3735323
0.55372775
0.355989
0.49109858
0.5574042
0.2996884
0.42116857
0.35231996
0.35755458
0.3631515
0.50104517
0.4232157
0.38406083
0.39477366
0.3779173
0.3190217
0.40903136
0.5591537
0.4871689
0.5050507
0.4170776
0.55454713
0.41213614
0.36788952
0.3818404
0.37568042
1.0
0.50406945
0.3749695
0.23749037
0.40213948
0.20360288
0.40533447
0.4041902
0.34432214
0.39404038
0.3860131
0.31822747
0.4490205
0.4039542
0.38027266
0.40796632
0.530517
0.5288483
0.5328142
0.541014
0.51081187
0.39458558
0.4204078
0.52920306
0.51569694
0.71521217
0.7664767
0.59773636
0.7986938
0.56010544
0.62342066
0.76429355
0.6018645
0.45514983
0.6133313
0.8013795
0.66197234
0.6555774
0.634493
0.558852
0.61538094
0.64590263
0.86442935
0.70729077
0.6460072
0.5527201
0.33100644
0.70052624
0.78423136
0.7032076
0.9145756
0.3895867
0.8540455
0.6782406
0.69370884
0.6354824
0.80882937
0.66061455
0.78622055
0.68123174
0.71511495
0.7086618
0.5406165
0.6494515
0.6669108
0.608007
0.7073328
0.6542841
0.51035297
0.6335238
0.60225326
0.70237416
0.69573903
0.6989343
0.5534218
0.84525126
0.5758381
0.59885204
0.8019832
0.60060644
0.5107969
0.6582079
0.5108153
0.50406945
0.99999994
0.84038794
0.59623307
0.78978527
0.4684043
0.8320493
0.69794893
0.6670324
0.59556425
0.6585447
0.6525065
0.64733016
0.6411326
0.43317604
0.6235167
0.8303178
0.6610778
0.69361275
0.72590977
0.89269173
0.77708757
0.74012923
0.79770327
0.7565588
0.7158291
0.64827996
0.60838854
0.69174707
0.61162806
0.8043165
0.65521246
0.64944947
0.4239876
0.6456809
0.6977439
0.67351687
0.64864963
0.6034762
0.602014
0.646672
0.6418205
0.7233052
0.6940568
0.6533345
0.569347
0.3682013
0.69894636
0.831049
0.6476274
0.7394672
0.39725986
0.7350868
0.8582284
0.69844127
0.6082223
0.7103848
0.69018
0.6886104
0.68263435
0.6731976
0.67351955
0.5511527
0.6523751
0.6756783
0.63275796
0.9113932
0.6339517
0.48807132
0.6168893
0.60928744
0.7139863
0.7229387
0.6948257
0.5577573
0.73619485
0.61342484
0.64770854
0.6542258
0.62543476
0.4961618
0.69318604
0.4776737
0.3749695
0.84038794
1.0
0.6179692
0.75441355
0.44239846
0.8229342
0.69350344
0.6912012
0.5584356
0.6722182
0.64912504
0.61308163
0.6227466
0.41405907
0.61569554
0.714604
0.5507407
0.57716006
0.5539279
0.76473093
0.769844
0.7202121
0.6901862
0.6506803
0.4060981
0.29846293
0.33235902
0.3457915
0.36736402
0.34645233
0.29526323
0.37262106
0.2098543
0.53231496
0.37997475
0.38684693
0.35027426
0.4142143
0.2987693
0.29377252
0.3453955
0.45772249
0.4335584
0.33715037
0.3578698
0.23262568
0.37231094
0.5015876
0.35958546
0.3639695
0.38275707
0.39318183
0.399033
0.33505416
0.38862914
0.4663538
0.36228496
0.39951807
0.31787044
0.40494794
0.4176482
0.40221027
0.43979788
0.35404143
0.34908867
0.37972233
0.43140578
0.33237234
0.38769045
0.394492
0.3549485
0.34996206
0.3821786
0.2974196
0.61461943
0.25913352
0.2631019
0.36224946
0.41893712
0.36810258
0.3959385
0.257509
0.23749037
0.59623307
0.6179692
1.0
0.5902252
0.5854162
0.5749684
0.37789896
0.3800893
0.30961552
0.3343961
0.29443866
0.39135155
0.3489047
0.32835016
0.38322914
0.39985693
0.38315523
0.35331872
0.30963355
0.5741643
0.5711239
0.5344914
0.41769046
0.40449297
0.6099452
0.6284289
0.56759983
0.60763377
0.59862053
0.60615855
0.62729746
0.6069582
0.4240044
0.70224565
0.6679203
0.7180495
0.7045944
0.61644065
0.56781894
0.60645914
0.7202924
0.6988404
0.68968254
0.61229646
0.65232384
0.29116642
0.69118273
0.7374128
0.6035352
0.6944772
0.5221485
0.7185746
0.6624529
0.7422025
0.67904663
0.7375212
0.7028565
0.6778351
0.7000742
0.6858799
0.7149924
0.5549443
0.7391755
0.6743023
0.7132589
0.63782287
0.6942175
0.6605228
0.6470041
0.6598823
0.7175323
0.6525809
0.7831583
0.5833391
0.6968759
0.5645835
0.59657377
0.6715529
0.6795436
0.5935255
0.68773156
0.57995284
0.40213948
0.78978527
0.75441355
0.5902252
1.0
0.39534104
0.84814566
0.731209
0.72243834
0.6674237
0.72120607
0.6937334
0.75000685
0.7651655
0.61550856
0.7750899
0.766155
0.6881211
0.68638545
0.6042664
0.95366
0.9398832
0.9480107
0.7252522
0.84524757
0.27622223
0.1799732
0.15371405
0.23180729
0.21062282
0.18854892
0.20758091
0.2521464
0.14287029
0.18154208
0.1492071
0.18133047
0.14373861
0.5111637
0.21411017
0.16508885
0.1245561
0.29908815
0.20038408
0.21587577
0.20624986
0.1670638
0.18708597
0.40695477
0.16219656
0.20008919
0.25799003
0.19595529
0.16339853
0.13862559
0.18365057
0.22722135
0.20991914
0.2153555
0.18182981
0.23078969
0.24864484
0.22712491
0.31575716
0.15623477
0.18622288
0.16254772
0.2853958
0.13280742
0.20453456
0.41108692
0.123815216
0.17666863
0.17035593
0.120666474
0.22967336
0.14591835
0.17252491
0.1964778
0.4064615
0.12954414
0.19249046
0.07449024
0.20360288
0.4684043
0.44239846
0.5854162
0.39534104
1.0
0.4132774
0.19261812
0.18337967
0.14605069
0.09651612
0.12123408
0.21221693
0.14328718
0.1138095
0.1683761
0.19808811
0.15929593
0.14918217
0.13361277
0.38464394
0.3725958
0.33142048
0.41812518
0.2227735
0.6819962
0.6758917
0.5908592
0.6658232
0.6690464
0.67626184
0.6540887
0.64344364
0.47487345
0.8240433
0.7148634
0.7820561
0.7611887
0.7049298
0.58946663
0.68256867
0.7509327
0.73468083
0.75698316
0.6730495
0.7664938
0.2972691
0.69250125
0.77979857
0.66209227
0.7453341
0.5370918
0.76229286
0.72904253
0.91755
0.67017174
0.7814673
0.7187533
0.70878506
0.7257841
0.70697737
0.71719235
0.54405385
0.7245787
0.70211357
0.74036866
0.71865946
0.69824064
0.6272265
0.6473648
0.7969353
0.733745
0.74042726
0.7813321
0.6060828
0.72691745
0.62435335
0.6555172
0.6815158
0.7970774
0.5964647
0.78783345
0.5656529
0.40533447
0.8320493
0.8229342
0.5749684
0.84814566
0.4132774
0.99999994
0.8224798
0.797869
0.7194251
0.7699284
0.7622541
0.71932036
0.7515848
0.55521727
0.8081779
0.7859094
0.6495266
0.6848346
0.62127674
0.8443452
0.8560337
0.9214357
0.7516581
0.74527216
0.66978306
0.69341624
0.62249565
0.6350428
0.688676
0.6320859
0.65837395
0.6341677
0.4599752
0.86021835
0.7491276
0.8908921
0.7774907
0.8067299
0.57329494
0.6869298
0.7528556
0.67008424
0.78511643
0.6456627
0.7713894
0.27055222
0.73293555
0.6390626
0.6760562
0.752251
0.5854635
0.7880349
0.75963235
0.86959374
0.749325
0.7916111
0.7330917
0.7073142
0.76278
0.7248689
0.67372483
0.5516944
0.7025397
0.7425282
0.767822
0.7324569
0.6707248
0.6789437
0.602325
0.81593984
0.7976645
0.73020154
0.81822425
0.60340494
0.74215126
0.6334711
0.6141353
0.6846006
0.80282706
0.7311471
0.8533171
0.652941
0.4041902
0.69794893
0.69350344
0.37789896
0.731209
0.19261812
0.8224798
1.0
0.7944808
0.78343177
0.81170636
0.82750773
0.78724974
0.805513
0.61671007
0.8292937
0.80806416
0.68615836
0.7390719
0.67671883
0.73895276
0.74130416
0.790479
0.7739094
0.73138535
0.6980974
0.64971346
0.62031955
0.60488003
0.64744157
0.6627339
0.6466346
0.63710827
0.4466839
0.7888903
0.72438115
0.7701378
0.74577904
0.64304215
0.5630078
0.6935805
0.74449474
0.6206212
0.7562978
0.6202461
0.68656623
0.25129205
0.7027784
0.6719901
0.6558674
0.7275961
0.44892454
0.7461533
0.74541634
0.8528164
0.6851105
0.7620889
0.73912126
0.6957356
0.71305984
0.66810757
0.66433424
0.59885055
0.64164937
0.67473227
0.71695083
0.7420525
0.63268006
0.58845615
0.6078427
0.74206245
0.7937401
0.7718427
0.7628812
0.60853827
0.73406214
0.62260944
0.61909413
0.6451962
0.7509717
0.6083778
0.7939274
0.58703953
0.34432214
0.6670324
0.6912012
0.3800893
0.72243834
0.18337967
0.797869
0.7944808
1.0
0.70870584
0.80159277
0.76989776
0.69791144
0.7397664
0.52532566
0.75404525
0.7517837
0.6302845
0.6586767
0.61243385
0.7218142
0.7644908
0.7781529
0.7259655
0.7371468
0.5688856
0.6265664
0.55011624
0.5979093
0.6044991
0.54207855
0.59882987
0.5115273
0.44700468
0.7440374
0.63912034
0.7267335
0.6874631
0.6472306
0.51535815
0.5962223
0.71256596
0.6071786
0.64753
0.54140717
0.7229195
0.27928707
0.5881867
0.5396002
0.57399446
0.65191025
0.50840443
0.6788627
0.62368995
0.771691
0.6620481
0.7178777
0.67014647
0.68064696
0.63772506
0.6212073
0.5681946
0.47134736
0.64963526
0.6155152
0.7432091
0.5956821
0.59421057
0.68939954
0.55123657
0.6968846
0.6749916
0.60100096
0.74881333
0.6109239
0.6409185
0.5711163
0.5257707
0.60330474
0.7101615
0.64776987
0.7035702
0.6076273
0.39404038
0.59556425
0.5584356
0.30961552
0.6674237
0.14605069
0.7194251
0.78343177
0.70870584
1.0
0.77019083
0.7027112
0.7275468
0.7406154
0.6542551
0.7966664
0.7550506
0.70774806
0.73223203
0.647232
0.6883616
0.67030305
0.7406883
0.7179373
0.7170296
0.6736704
0.69033724
0.62391424
0.634749
0.666995
0.66048217
0.65687674
0.62710094
0.5323307
0.7695937
0.7623604
0.76174194
0.80560654
0.63975275
0.55132747
0.69454753
0.78690004
0.65663207
0.74983656
0.6523823
0.7256799
0.27202392
0.73116565
0.6281112
0.6386045
0.7418882
0.46923044
0.77760494
0.7665132
0.8434639
0.72687244
0.7767384
0.77455854
0.71468276
0.7456585
0.67657936
0.6695582
0.5646986
0.68619597
0.70951885
0.7833367
0.7439471
0.69885826
0.6870702
0.613106
0.6991036
0.81460303
0.73439354
0.83167773
0.65034586
0.7362609
0.61881703
0.62550247
0.6840666
0.70033056
0.6209168
0.7567896
0.62261015
0.3860131
0.6585447
0.6722182
0.3343961
0.72120607
0.09651612
0.7699284
0.81170636
0.80159277
0.77019083
1.0
0.79398763
0.77078116
0.7800736
0.6139901
0.81007767
0.81395125
0.6867243
0.7303274
0.6472063
0.7260903
0.73723125
0.7686863
0.7577978
0.7443123
0.6997483
0.64508444
0.6497307
0.5955775
0.641423
0.6187432
0.6139584
0.6291859
0.44011742
0.7506535
0.69476175
0.77477175
0.76234496
0.66843575
0.50321007
0.66542107
0.76784325
0.64106023
0.7603243
0.596364
0.6962067
0.22239359
0.66769737
0.6126982
0.65989125
0.73199445
0.48764348
0.74921227
0.7230831
0.8321304
0.73073244
0.75085974
0.7228175
0.63149667
0.7051792
0.67419416
0.6454603
0.52408147
0.6252087
0.73991257
0.7400645
0.7141328
0.65470225
0.6626787
0.59955376
0.71774477
0.77126044
0.74474585
0.8201714
0.5545013
0.7024445
0.56833994
0.5925072
0.64843774
0.6957531
0.5956713
0.7713442
0.5800037
0.31822747
0.6525065
0.64912504
0.29443866
0.6937334
0.12123408
0.7622541
0.82750773
0.76989776
0.7027112
0.79398763
1.0
0.7651016
0.78763896
0.6084303
0.79453725
0.7947639
0.6401267
0.68787646
0.6022565
0.69438744
0.71802896
0.73776644
0.7500403
0.7165825
0.6650932
0.6905302
0.6714657
0.6158385
0.6079862
0.6004661
0.65083736
0.5899988
0.4464376
0.7656526
0.7186064
0.7887053
0.74981314
0.6913052
0.5993937
0.6773759
0.802067
0.6473483
0.7120166
0.58850175
0.71017545
0.29626945
0.6670009
0.61383665
0.6174428
0.7082692
0.5893229
0.75499636
0.7002687
0.76622015
0.88853204
0.7383108
0.7364987
0.685841
0.6978556
0.7307672
0.7137454
0.5102625
0.7030073
0.68115497
0.7543127
0.6543463
0.7454951
0.83935106
0.61543167
0.78281707
0.7782957
0.67949826
0.90360063
0.6036758
0.7293097
0.6063783
0.57556266
0.6676135
0.76051545
0.6884532
0.7518784
0.70491487
0.4490205
0.64733016
0.61308163
0.39135155
0.75000685
0.21221693
0.71932036
0.78724974
0.69791144
0.7275468
0.77078116
0.7651016
1.0
0.8817202
0.78805995
0.8862105
0.86304766
0.78070307
0.8298118
0.6967766
0.7420098
0.7388276
0.7564281
0.8434752
0.7487044
0.6417629
0.67519945
0.6738661
0.60115874
0.62305945
0.6053304
0.63820714
0.62889165
0.45977136
0.7787844
0.70313364
0.8086693
0.7416316
0.6641353
0.57491416
0.6755322
0.80453575
0.64334536
0.7241225
0.6044973
0.73659605
0.27009612
0.707388
0.60336757
0.6395423
0.71650434
0.5440576
0.7387259
0.6990802
0.8180919
0.82261837
0.7344509
0.74773794
0.697033
0.71899366
0.7639806
0.7309096
0.50978404
0.7150467
0.71505076
0.77124155
0.68124586
0.73575896
0.78349227
0.65589005
0.7243511
0.82240266
0.704624
0.8941001
0.61373794
0.7220362
0.58613086
0.6091302
0.655915
0.7187192
0.6586628
0.7610554
0.73140347
0.4039542
0.6411326
0.6227466
0.3489047
0.7651655
0.14328718
0.7515848
0.805513
0.7397664
0.7406154
0.7800736
0.78763896
0.8817202
1.0
0.7527619
0.89212626
0.8364945
0.7564806
0.7974776
0.69214076
0.73834187
0.745874
0.7791872
0.7971519
0.7414732
0.42795408
0.53018975
0.4458988
0.44560316
0.49812117
0.45687172
0.49623838
0.42358908
0.26111534
0.66244197
0.5273056
0.6392115
0.5977887
0.5335415
0.43829536
0.5166758
0.7366824
0.45765635
0.47610506
0.42211682
0.6619524
0.24547221
0.46053633
0.40278402
0.41231397
0.4792481
0.57060844
0.5568412
0.52252537
0.60290074
0.61094695
0.54909277
0.583656
0.5129379
0.5393777
0.5217723
0.5527498
0.4268037
0.5955355
0.5195029
0.66859657
0.44759008
0.59339935
0.86327374
0.43564236
0.5904386
0.6106036
0.45586696
0.8354046
0.46487555
0.53637385
0.45422253
0.40387917
0.47140172
0.6083169
0.5903453
0.59225875
0.5847431
0.38027266
0.43317604
0.41405907
0.32835016
0.61550856
0.1138095
0.55521727
0.61671007
0.52532566
0.6542551
0.6139901
0.6084303
0.78805995
0.7527619
1.0
0.8596579
0.7699322
0.74835706
0.7893318
0.55709785
0.5959685
0.5904822
0.6498206
0.7303164
0.6111372
0.6046198
0.6631741
0.5939365
0.5960256
0.6450828
0.617116
0.6272854
0.5770255
0.42900628
0.84727263
0.69880265
0.8117425
0.77496123
0.6920346
0.5589584
0.6594407
0.8580564
0.621543
0.69177836
0.5996228
0.8092743
0.2558544
0.65946853
0.58799124
0.6094579
0.6791822
0.59398824
0.7306925
0.70114064
0.8682368
0.7571496
0.7417094
0.7502019
0.6851399
0.7043105
0.68016034
0.67750424
0.5245977
0.7289825
0.6783368
0.80836594
0.6569001
0.7004539
0.8726207
0.5818608
0.7923533
0.7808996
0.6633708
0.92844415
0.601798
0.70160854
0.59840095
0.57855976
0.6384189
0.7969737
0.6874285
0.7756919
0.69897676
0.40796632
0.6235167
0.61569554
0.38322914
0.7750899
0.1683761
0.8081779
0.8292937
0.75404525
0.7966664
0.81007767
0.79453725
0.8862105
0.89212626
0.8596579
1.0
0.8807602
0.80738944
0.8583262
0.68897593
0.76091194
0.76464707
0.8507501
0.83910257
0.7665838
0.72672665
0.8245799
0.6629534
0.7830289
0.63714707
0.6783817
0.79963493
0.62240493
0.47404233
0.7764969
0.8542091
0.7981151
0.78419614
0.686657
0.60596865
0.7044341
0.8553208
0.80389357
0.7441072
0.6551939
0.7250937
0.31942743
0.73250633
0.6760579
0.7127347
0.907511
0.5130041
0.89864516
0.7637791
0.82414615
0.764293
0.85432774
0.77149296
0.81305224
0.7488762
0.74829006
0.7388186
0.56940866
0.71212876
0.7336038
0.77797014
0.753846
0.72145194
0.81106454
0.6397117
0.72977173
0.82951224
0.73197144
0.9382003
0.62605023
0.872223
0.6455555
0.6242366
0.8053809
0.7258517
0.6589952
0.770496
0.6651341
0.530517
0.8303178
0.714604
0.39985693
0.766155
0.19808811
0.7859094
0.80806416
0.7517837
0.7550506
0.81395125
0.7947639
0.86304766
0.8364945
0.7699322
0.8807602
1.0
0.85536635
0.9093254
0.8090493
0.85062075
0.76193255
0.78200185
0.94946104
0.8349197
0.5318458
0.69931775
0.48896003
0.62373185
0.52913386
0.5402703
0.6610858
0.48324955
0.45374745
0.6973742
0.7124599
0.6698503
0.63676864
0.5831348
0.5630904
0.59056944
0.75234896
0.67214745
0.5759045
0.51003075
0.6421248
0.2982066
0.62201816
0.5292701
0.5406641
0.71686494
0.5247516
0.7428012
0.6179702
0.67832386
0.66984385
0.73257256
0.6557575
0.716551
0.5899251
0.61211324
0.6014153
0.4542706
0.6594923
0.5894262
0.69048744
0.5731373
0.6200474
0.7698427
0.52880853
0.6262932
0.69792867
0.5615644
0.79035467
0.579533
0.72489566
0.5711292
0.49812716
0.6788567
0.6379669
0.6446881
0.653119
0.7998874
0.5288483
0.6610778
0.5507407
0.38315523
0.6881211
0.15929593
0.6495266
0.68615836
0.6302845
0.70774806
0.6867243
0.6401267
0.78070307
0.7564806
0.74835706
0.80738944
0.85536635
1.0
0.94387823
0.87910396
0.7638489
0.68262494
0.71998894
0.8071839
0.79248464
0.5820126
0.7398158
0.52827543
0.6628959
0.56464386
0.5678671
0.7012019
0.51477325
0.43332052
0.72440577
0.7627329
0.71815515
0.696813
0.62249196
0.565032
0.62208223
0.7905112
0.6862316
0.6142382
0.5580801
0.6717034
0.27892953
0.6393825
0.54032475
0.5725315
0.7650583
0.52217954
0.7814167
0.6497611
0.72763646
0.7178443
0.75222147
0.6982057
0.73189604
0.6318683
0.644663
0.6430233
0.4692913
0.6693458
0.6346812
0.7205601
0.61332965
0.66738033
0.8170205
0.5322482
0.65995026
0.74321806
0.5968768
0.85227233
0.5882664
0.7510002
0.5920205
0.52700794
0.71130216
0.66644806
0.6595227
0.687061
0.8643518
0.5328142
0.69361275
0.57716006
0.35331872
0.68638545
0.14918217
0.6848346
0.7390719
0.6586767
0.73223203
0.7303274
0.68787646
0.8298118
0.7974776
0.7893318
0.8583262
0.9093254
0.94387823
1.0
0.9322568
0.76542896
0.6777247
0.7239889
0.85744697
0.78222007
0.56172895
0.7384488
0.48660645
0.6779008
0.5037594
0.51708233
0.7021772
0.48502165
0.45091727
0.62202895
0.77244294
0.632279
0.6122564
0.56468403
0.5389974
0.5716563
0.65439516
0.70590556
0.5862329
0.533821
0.54463196
0.2600509
0.6337384
0.5203073
0.5625131
0.80379814
0.40494198
0.7776599
0.5945345
0.65431976
0.6703034
0.73863846
0.6305939
0.7356398
0.57877916
0.6154247
0.5902481
0.42446372
0.59404236
0.5915354
0.60372376
0.5859867
0.5941299
0.6174921
0.5033582
0.5619513
0.68349236
0.568763
0.6817984
0.5595538
0.7544009
0.5658237
0.5066849
0.7350915
0.5655027
0.5903584
0.6119071
0.88705266
0.541014
0.72590977
0.5539279
0.30963355
0.6042664
0.13361277
0.62127674
0.67671883
0.61243385
0.647232
0.6472063
0.6022565
0.6967766
0.69214076
0.55709785
0.68897593
0.8090493
0.87910396
0.9322568
0.99999994
0.730091
0.6026644
0.62594396
0.7587487
0.74601215
0.6527017
0.73865277
0.56642294
0.7201089
0.5960723
0.614916
0.7302128
0.5971588
0.4444648
0.70812124
0.773814
0.71215934
0.6986398
0.6432595
0.5826955
0.61861575
0.7211636
0.80672914
0.70237017
0.63213944
0.6508729
0.296619
0.708824
0.73459256
0.65364814
0.8323265
0.50474775
0.8272833
0.68224317
0.7513179
0.68216485
0.83013386
0.7054864
0.7827011
0.70634604
0.69499195
0.7091631
0.55757964
0.7324795
0.68948716
0.7045628
0.6642721
0.6825048
0.6489899
0.6422798
0.6697717
0.7272676
0.65769964
0.7669242
0.6005985
0.8043515
0.585823
0.5887876
0.784856
0.68333626
0.6032623
0.6910847
0.5773145
0.51081187
0.89269173
0.76473093
0.5741643
0.95366
0.38464394
0.8443452
0.73895276
0.7218142
0.6883616
0.7260903
0.69438744
0.7420098
0.73834187
0.5959685
0.76091194
0.85062075
0.7638489
0.76542896
0.730091
0.99999994
0.9080982
0.9203732
0.80634594
0.89816844
0.6682988
0.63858813
0.57233095
0.6177049
0.6040717
0.64771223
0.6302067
0.597676
0.46369424
0.7202605
0.6691252
0.71302146
0.7054838
0.628993
0.57092327
0.74529403
0.7275481
0.7079739
0.723281
0.6466491
0.6561605
0.3083281
0.70744854
0.7394251
0.6236649
0.70054054
0.5105135
0.735506
0.7050746
0.7712105
0.68390954
0.75888103
0.7155291
0.6925987
0.7040861
0.684028
0.70713335
0.5631858
0.7210188
0.6770012
0.69953746
0.67708087
0.6788883
0.63933593
0.62013394
0.6866497
0.72566116
0.82884467
0.77087206
0.63974154
0.70637524
0.591404
0.6262088
0.67632943
0.70394725
0.57626134
0.81212986
0.56777376
0.39458558
0.77708757
0.769844
0.5711239
0.9398832
0.3725958
0.8560337
0.74130416
0.7644908
0.67030305
0.73723125
0.71802896
0.7388276
0.745874
0.5904822
0.76464707
0.76193255
0.68262494
0.6777247
0.6026644
0.9080982
1.0
0.9191888
0.7240825
0.8277201
0.60213286
0.64434826
0.53711426
0.5986742
0.64338756
0.6238663
0.6229816
0.599122
0.43838546
0.81894624
0.6807236
0.7616595
0.7389774
0.6626552
0.57725435
0.63699114
0.7594844
0.68317574
0.7052063
0.6227769
0.7662753
0.26099923
0.67163473
0.69982415
0.59738505
0.6810868
0.58099145
0.728216
0.68656296
0.8699149
0.67464775
0.77406895
0.7130082
0.6949667
0.70491356
0.6588857
0.68343407
0.53479576
0.7496912
0.68245727
0.76191217
0.64328784
0.681666
0.6974104
0.6230015
0.7718593
0.7158908
0.65973467
0.78786516
0.6089959
0.6883909
0.5927543
0.6015465
0.66784793
0.78575265
0.6332538
0.7483819
0.58786684
0.4204078
0.74012923
0.7202121
0.5344914
0.9480107
0.33142048
0.9214357
0.790479
0.7781529
0.7406883
0.7686863
0.73776644
0.7564281
0.7791872
0.6498206
0.8507501
0.78200185
0.71998894
0.7239889
0.62594396
0.9203732
0.9191888
1.0
0.7388008
0.8477687
0.7291204
0.7897091
0.6450827
0.7490809
0.62746847
0.6516414
0.7721036
0.6258748
0.47174558
0.75056714
0.8043553
0.76729405
0.7368231
0.7854692
0.5972856
0.67782146
0.80002546
0.76545733
0.7164008
0.626691
0.7121682
0.3150802
0.70193195
0.6587824
0.67000955
0.8606724
0.5230139
0.8527761
0.7268264
0.7774086
0.7531171
0.82201415
0.7518003
0.7763475
0.71292835
0.72197556
0.701791
0.5665896
0.70407456
0.6899399
0.7504663
0.7174466
0.7055511
0.7711561
0.6072233
0.80231935
0.77860814
0.6971802
0.8900094
0.5858328
0.8410189
0.61704475
0.597537
0.7623048
0.7901866
0.6314152
0.741917
0.6179373
0.52920306
0.79770327
0.6901862
0.41769046
0.7252522
0.41812518
0.7516581
0.7739094
0.7259655
0.7179373
0.7577978
0.7500403
0.8434752
0.7971519
0.7303164
0.83910257
0.94946104
0.8071839
0.85744697
0.7587487
0.80634594
0.7240825
0.7388008
1.0
0.7982449
0.6465408
0.73514754
0.58478326
0.67989296
0.59595466
0.632255
0.718607
0.5728126
0.4743683
0.7153406
0.76911867
0.7060943
0.7249983
0.6355336
0.61647993
0.64027
0.72839653
0.72016144
0.6960707
0.5743138
0.6569551
0.2886484
0.68836254
0.6598309
0.6556704
0.7997796
0.49232656
0.8050849
0.6821097
0.7592418
0.6963211
0.8201726
0.7669056
0.7703245
0.7023066
0.6617356
0.6502269
0.53889406
0.7054279
0.66234034
0.7657229
0.6594957
0.644042
0.67554426
0.60942835
0.6830842
0.7468111
0.6599252
0.7624598
0.6242023
0.7772925
0.6275348
0.5922533
0.77074814
0.6878837
0.62021965
0.697987
0.61936384
0.51569694
0.7565588
0.6506803
0.40449297
0.84524757
0.2227735
0.74527216
0.73138535
0.7371468
0.7170296
0.7443123
0.7165825
0.7487044
0.7414732
0.6111372
0.7665838
0.8349197
0.79248464
0.78222007
0.74601215
0.89816844
0.8277201
0.8477687
0.7982449
1.0
