1.0
0.6479821
0.65684485
0.59204036
0.589941
0.67379284
0.6713648
0.62664664
0.5854681
0.6450375
0.697849
0.67116153
0.5289107
0.67139673
0.6994323
0.49574587
0.5968872
0.65232277
0.6389917
0.63993883
0.59204704
0.6333675
0.6602598
0.54737043
0.6717986
0.5982091
0.60890394
0.6020758
0.62550163
0.57524455
0.72451884
0.64278924
0.6461998
0.6827273
0.5819895
0.6855412
0.6494332
0.6489253
0.5823539
0.67815673
0.8636409
0.437879
0.60808057
0.6057878
0.61042374
0.4904442
0.6827472
0.4787109
0.5660084
0.43814996
0.67446595
0.53151405
0.62436026
0.64084935
0.6860312
0.6301194
0.6266512
0.5533457
0.3229533
0.48610958
0.3913352
0.42400157
0.41450626
0.39470342
0.43467543
0.3733364
0.31675896
0.41329515
0.55541915
0.5362735
0.44646174
0.6479821
1.0
0.67335165
0.613055
0.62577814
0.6933916
0.687511
0.6620165
0.6823422
0.7157353
0.76057184
0.7155865
0.6210466
0.76986665
0.74801743
0.5619534
0.6462156
0.59973073
0.6198426
0.6687656
0.6777245
0.60741
0.64618975
0.57703924
0.6814796
0.57055265
0.64127105
0.6444639
0.69205
0.5878097
0.6754924
0.6510462
0.636822
0.6294059
0.6841637
0.7036884
0.7260582
0.64575684
0.5676085
0.709187
0.6147208
0.44566146
0.64104867
0.622756
0.5912356
0.45516157
0.71105367
0.4883144
0.54227215
0.42154175
0.57879597
0.4855433
0.63254887
0.6240693
0.6512322
0.6209489
0.6348373
0.58057296
0.37476256
0.47029376
0.4496704
0.5191539
0.45931065
0.47999874
0.46905547
0.4097093
0.3352417
0.37398657
0.62130874
0.48122707
0.45882145
0.65684485
0.67335165
0.99999994
0.6291581
0.57119966
0.6812463
0.6360872
0.6384615
0.6193063
0.5941701
0.6584107
0.70767266
0.6130771
0.637174
0.6753196
0.57772857
0.61059916
0.6519835
0.5636493
0.6674648
0.6085786
0.7021798
0.59324557
0.65325516
0.6368139
0.6447167
0.60277754
0.59728044
0.6272645
0.7076505
0.64283305
0.61604863
0.64025414
0.69990337
0.57194304
0.6658614
0.6003168
0.63986605
0.6892602
0.709257
0.7160203
0.4185962
0.54820246
0.6311309
0.5346594
0.44045624
0.6314656
0.46758378
0.54074985
0.58458793
0.63101774
0.51325655
0.6721593
0.714777
0.72936904
0.6697592
0.68384886
0.5122376
0.3979554
0.4717704
0.5085098
0.47766116
0.41685787
0.51063716
0.54194486
0.48077253
0.33009955
0.35458344
0.5677751
0.5032994
0.44753948
0.59204036
0.613055
0.6291581
1.0
0.5796532
0.7157924
0.63500726
0.6358438
0.6637529
0.64265615
0.7640334
0.67235255
0.6442377
0.7190853
0.71945596
0.5863342
0.660144
0.6207974
0.6461939
0.7002
0.66065484
0.647432
0.5856669
0.5652455
0.68163294
0.58717775
0.6286722
0.6515024
0.7268989
0.60465014
0.6897934
0.70449156
0.60388094
0.6846107
0.61726564
0.64447016
0.64290273
0.6744132
0.5807985
0.7645144
0.5896951
0.7245713
0.61184466
0.6349059
0.6150772
0.3605453
0.6689636
0.4070521
0.51817364
0.40764698
0.5913512
0.51392895
0.8813773
0.62772274
0.6571737
0.6847638
0.6466405
0.47957033
0.39868352
0.51395094
0.37505332
0.4589075
0.43102103
0.45810592
0.5165988
0.4171781
0.33051974
0.36267143
0.57530624
0.5178868
0.504414
0.589941
0.62577814
0.57119966
0.5796532
0.99999994
0.5896791
0.5579547
0.6098083
0.63094765
0.64274746
0.70525557
0.638437
0.50819945
0.60782593
0.6306118
0.50247705
0.565606
0.5414559
0.5460326
0.63449156
0.5645822
0.5528599
0.6168074
0.57578677
0.63296896
0.53426456
0.8597329
0.5872714
0.61570346
0.6014708
0.6077635
0.62533116
0.5858256
0.5342895
0.58056176
0.6177669
0.6679333
0.6223726
0.5839252
0.683947
0.6093222
0.4393173
0.5099507
0.5781213
0.579529
0.45434472
0.64404273
0.45969862
0.55248296
0.48057866
0.5624479
0.53098804
0.60513943
0.5333834
0.5527806
0.476178
0.55656034
0.5855775
0.35046658
0.47912756
0.43177643
0.5096764
0.4512981
0.41719058
0.44391593
0.4045149
0.3257414
0.40450498
0.58775866
0.49946278
0.46231693
0.67379284
0.6933916
0.6812463
0.7157924
0.5896791
1.0
0.70987403
0.7081319
0.70579934
0.7293821
0.76865715
0.7152085
0.63116807
0.74658585
0.7314287
0.6065024
0.6599814
0.67438555
0.61641794
0.7613187
0.6747977
0.6618665
0.61701393
0.6187198
0.7140273
0.57929224
0.626221
0.71375275
0.80781174
0.66859126
0.7022407
0.72530586
0.7420099
0.69451106
0.66122377
0.6849366
0.7091262
0.74471635
0.67945904
0.7858916
0.62526405
0.44745806
0.55539006
0.6796171
0.6310947
0.3580609
0.6810992
0.39554277
0.4672898
0.38416585
0.66332054
0.50695306
0.71942055
0.6739334
0.6661276
0.6587103
0.67610687
0.52021575
0.3427338
0.42494398
0.38397413
0.42094475
0.34952053
0.37425342
0.41152892
0.3738187
0.2769685
0.32993367
0.56698805
0.48469546
0.45625302
0.6713648
0.687511
0.6360872
0.63500726
0.5579547
0.70987403
0.99999994
0.6950191
0.6841948
0.7404195
0.74055874
0.7150766
0.690686
0.8025843
0.7464867
0.6171968
0.6827381
0.69136673
0.6940983
0.70332247
0.6315788
0.68383783
0.6448742
0.6008908
0.7035146
0.6552808
0.6197488
0.6790242
0.67532617
0.625715
0.7472928
0.65558296
0.70904493
0.6776624
0.6859237
0.69371253
0.64647776
0.7058481
0.6274507
0.74511814
0.6151808
0.43693057
0.6333582
0.68436724
0.6213785
0.42030594
0.71701884
0.44528118
0.52169985
0.44765088
0.6282452
0.45422736
0.6541365
0.65792555
0.712479
0.645318
0.6626057
0.47207454
0.30546263
0.45408762
0.44961157
0.4856301
0.43250057
0.49565738
0.5012784
0.44017076
0.30024526
0.37566495
0.5603143
0.48971725
0.45040736
0.62664664
0.6620165
0.6384615
0.6358438
0.6098083
0.7081319
0.6950191
0.99999994
0.6856444
0.66045815
0.70509213
0.7151905
0.60058075
0.6731034
0.69771165
0.57599777
0.63551617
0.6416966
0.5588664
0.683368
0.6734987
0.66306895
0.5655703
0.5483926
0.71199024
0.5490033
0.64885753
0.7134377
0.7123539
0.5737663
0.6410779
0.7112315
0.6804297
0.6410721
0.6144481
0.6619714
0.64637417
0.6497586
0.5643686
0.7170277
0.6161577
0.39338896
0.5454222
0.6072952
0.6459305
0.33282888
0.6016052
0.34722325
0.46396047
0.4202171
0.58353436
0.50625205
0.68672884
0.63921535
0.62619865
0.6007942
0.6371805
0.47053993
0.33642724
0.45156446
0.4335274
0.48833358
0.43040663
0.4185502
0.46222728
0.36767823
0.30050024
0.31199074
0.49877226
0.46597517
0.43466967
0.5854681
0.6823422
0.6193063
0.6637529
0.63094765
0.70579934
0.6841948
0.6856444
0.99999994
0.7413781
0.77293843
0.712746
0.62284154
0.7454195
0.6857787
0.57375574
0.6037531
0.6274187
0.5902429
0.68105716
0.6438942
0.65669185
0.5952292
0.59148675
0.78478783
0.57905066
0.6595304
0.692682
0.7659217
0.6791127
0.6874766
0.70933217
0.728145
0.6558398
0.6629025
0.7005854
0.7279053
0.7400401
0.67437494
0.76149774
0.61410946
0.39977226
0.5116
0.638009
0.6253692
0.33664522
0.65649575
0.38833573
0.48327857
0.37791717
0.6183532
0.49662787
0.7019624
0.62984294
0.6399852
0.6135257
0.8586102
0.5428941
0.35294986
0.43280092
0.40183577
0.68115276
0.3578169
0.38618016
0.4526661
0.36817572
0.2955091
0.29002872
0.5505229
0.48382628
0.4361199
0.6450375
0.7157353
0.5941701
0.64265615
0.64274746
0.7293821
0.7404195
0.66045815
0.7413781
1.0
0.8159158
0.7135867
0.60262567
0.7683419
0.7422285
0.56038517
0.6590995
0.613404
0.7558536
0.7095576
0.6583386
0.6291606
0.7439127
0.5861997
0.7302565
0.6161373
0.631485
0.64867324
0.7243318
0.67194617
0.79239315
0.6967224
0.7390828
0.61575633
0.7611453
0.71448934
0.73956865
0.73175544
0.6824106
0.7425223
0.5944798
0.4533835
0.5826632
0.68499166
0.6628035
0.52708715
0.7999158
0.52870834
0.62038445
0.39998966
0.66972196
0.48468155
0.6583138
0.60286874
0.6322056
0.591413
0.65326023
0.5544069
0.3155307
0.46757737
0.42342913
0.5161593
0.41089457
0.40536126
0.4524446
0.37477574
0.31345242
0.34591302
0.59933096
0.46630758
0.44787607
0.697849
0.76057184
0.6584107
0.7640334
0.70525557
0.76865715
0.74055874
0.70509213
0.77293843
0.8159158
1.0
0.76493096
0.68924993
0.819574
0.8022825
0.6890164
0.78459305
0.6953864
0.7394045
0.80069315
0.70484555
0.7055979
0.7513986
0.66078997
0.7592023
0.6413678
0.719914
0.727912
0.81735307
0.74678594
0.80489975
0.81159014
0.72359973
0.709946
0.74444264
0.73302186
0.76806337
0.79385823
0.7279729
0.86535233
0.6846624
0.5105337
0.66042227
0.76354617
0.7202951
0.478336
0.8216735
0.5276265
0.6317757
0.3858378
0.707695
0.59752357
0.79953164
0.65437204
0.7196967
0.67203236
0.68846494
0.5838883
0.42253295
0.5478854
0.41637596
0.5265027
0.48450434
0.48547032
0.5265423
0.44468215
0.36000365
0.4059607
0.6688371
0.55854493
0.53992665
0.67116153
0.7155865
0.70767266
0.67235255
0.638437
0.7152085
0.7150766
0.7151905
0.712746
0.7135867
0.76493096
0.99999994
0.63346404
0.74509925
0.7981561
0.61992764
0.6888798
0.6793919
0.6044724
0.7069501
0.6709366
0.6652242
0.6173012
0.6161966
0.7152528
0.59941345
0.65542316
0.7010247
0.71574765
0.6496955
0.7283421
0.6887824
0.680185
0.6640702
0.6928955
0.74119234
0.70310116
0.7276243
0.64269465
0.78359807
0.67295855
0.50618875
0.63084316
0.6948155
0.5946165
0.412093
0.6994839
0.40812746
0.52569634
0.50868374
0.60675424
0.5037938
0.6658206
0.7060482
0.73255116
0.612025
0.66187066
0.54241204
0.32558027
0.49143413
0.4893654
0.49471742
0.42880303
0.4638956
0.48660037
0.36832213
0.2581547
0.3632063
0.59870386
0.52675
0.49429518
0.5289107
0.6210466
0.6130771
0.6442377
0.50819945
0.63116807
0.690686
0.60058075
0.62284154
0.60262567
0.68924993
0.63346404
1.0
0.7018402
0.6830248
0.5941526
0.71526957
0.50775635
0.58385855
0.69157004
0.55474687
0.5997038
0.6142463
0.61692214
0.5904057
0.5710346
0.5560395
0.5853189
0.6159674
0.6003877
0.6152304
0.5863937
0.5353392
0.60819525
0.63295233
0.63488775
0.57735443
0.5845008
0.5582348
0.69895905
0.5735286
0.4743492
0.6308939
0.67638165
0.5517301
0.4577623
0.65212494
0.4826322
0.55238867
0.4068956
0.54870844
0.4323537
0.63770425
0.5933788
0.66267043
0.6002133
0.6182105
0.4441843
0.35439155
0.45690617
0.4520428
0.5153976
0.45415846
0.7446124
0.7533218
0.5599034
0.33741337
0.32586214
0.56902444
0.47396663
0.47879276
0.67139673
0.76986665
0.637174
0.7190853
0.60782593
0.74658585
0.8025843
0.6731034
0.7454195
0.7683419
0.819574
0.74509925
0.7018402
1.0
0.81121075
0.60885924
0.7078647
0.6134138
0.69284356
0.697928
0.6972424
0.6411955
0.66686124
0.6046579
0.7403329
0.62891495
0.62329346
0.66961443
0.73195
0.610344
0.7565896
0.7111167
0.7033373
0.6871028
0.74917805
0.7609595
0.7453124
0.75001425
0.63364387
0.7601417
0.6263547
0.52458316
0.7116742
0.7251075
0.61864805
0.44032222
0.7506332
0.46194756
0.5703848
0.39772344
0.6506764
0.5238245
0.7190487
0.64313626
0.69525933
0.65990937
0.7016429
0.58208305
0.35396504
0.51587915
0.4187412
0.5313882
0.44303858
0.49575344
0.5204601
0.4344713
0.28760907
0.41736144
0.63518506
0.5429427
0.50487614
0.6994323
0.74801743
0.6753196
0.71945596
0.6306118
0.7314287
0.7464867
0.69771165
0.6857787
0.7422285
0.8022825
0.7981561
0.6830248
0.81121075
0.99999994
0.59452987
0.6933804
0.6535248
0.67072743
0.69725835
0.6700739
0.67506737
0.66489357
0.595355
0.7397016
0.5936346
0.6689936
0.65330017
0.7259128
0.59235525
0.77650803
0.69440776
0.69999504
0.6692191
0.7134756
0.892689
0.72347873
0.6977641
0.5987822
0.76789397
0.65517646
0.5290421
0.85116607
0.6750248
0.6379557
0.46237952
0.73474556
0.49260697
0.5912617
0.46240687
0.65098065
0.5412858
0.72073776
0.66816014
0.7073327
0.65445787
0.64643264
0.59025156
0.39428937
0.5236444
0.4994522
0.5322364
0.50658005
0.51142216
0.53142506
0.42712402
0.3604256
0.38845402
0.68646145
0.58342904
0.52927667
0.49574587
0.5619534
0.57772857
0.5863342
0.50247705
0.6065024
0.6171968
0.57599777
0.57375574
0.56038517
0.6890164
0.61992764
0.5941526
0.60885924
0.59452987
1.0
0.65240437
0.5749238
0.5068891
0.61531264
0.51442134
0.5743652
0.54151934
0.5910532
0.57437456
0.58552825
0.5588353
0.6239224
0.6375981
0.63177955
0.52237296
0.641128
0.59503406
0.57121986
0.6773215
0.55964595
0.53663135
0.6033651
0.5799094
0.7025182
0.53763807
0.34370497
0.4140269
0.61923945
0.5622252
0.30753478
0.5551762
0.36602
0.44867805
0.38133848
0.49964777
0.434913
0.6325403
0.52696556
0.59236634
0.5414962
0.5339578
0.36070597
0.33925882
0.391073
0.34396532
0.3688336
0.35012645
0.4329025
0.48246884
0.46626648
0.2821604
0.2652825
0.45328158
0.36062783
0.35475883
0.5968872
0.6462156
0.61059916
0.660144
0.565606
0.6599814
0.6827381
0.63551617
0.6037531
0.6590995
0.78459305
0.6888798
0.71526957
0.7078647
0.6933804
0.65240437
1.0
0.5991357
0.6282169
0.7379177
0.61178
0.6583809
0.63841033
0.58776337
0.6052221
0.5578185
0.58713686
0.6397711
0.6751894
0.6462305
0.65351015
0.66752714
0.6022265
0.611201
0.6603235
0.6105788
0.6069115
0.64595884
0.61951107
0.73836386
0.5583777
0.45399553
0.5687146
0.89355177
0.61465335
0.43561843
0.68825704
0.45272213
0.54775816
0.38865083
0.5503735
0.47186628
0.683734
0.5738418
0.6349675
0.62227565
0.55793834
0.43900782
0.34336087
0.47792944
0.42055225
0.4503238
0.46630406
0.54829484
0.5610941
0.48158956
0.31580055
0.36056218
0.5679646
0.46322203
0.49439302
0.65232277
0.59973073
0.6519835
0.6207974
0.5414559
0.67438555
0.69136673
0.6416966
0.6274187
0.613404
0.6953864
0.6793919
0.50775635
0.6134138
0.6535248
0.5749238
0.5991357
1.0
0.6237826
0.6452003
0.56668127
0.6816602
0.53525853
0.5100095
0.642582
0.6633977
0.5979671
0.6149219
0.6401275
0.6030718
0.70499283
0.6323688
0.7034615
0.65269995
0.5830716
0.61271644
0.5532495
0.6137751
0.5766472
0.6762213
0.61513174
0.366117
0.5222249
0.570445
0.526694
0.33048496
0.62125105
0.33977097
0.4189631
0.41928
0.66072226
0.42678535
0.6520254
0.6110027
0.66029584
0.61228937
0.62295496
0.37712228
0.2947229
0.38743213
0.35139894
0.38241783
0.33056274
0.31914285
0.33473542
0.2669592
0.21293747
0.30429673
0.4681771
0.43135083
0.3920748
0.6389917
0.6198426
0.5636493
0.6461939
0.5460326
0.61641794
0.6940983
0.5588664
0.5902429
0.7558536
0.7394045
0.6044724
0.58385855
0.69284356
0.67072743
0.5068891
0.6282169
0.6237826
0.99999994
0.62956357
0.55911493
0.6260137
0.7634003
0.5644287
0.60358584
0.7273169
0.54538834
0.584943
0.6068209
0.574155
0.8029861
0.595486
0.5664085
0.57718766
0.60621285
0.62817806
0.611977
0.61682826
0.5753214
0.62952083
0.55794597
0.54590964
0.6310028
0.6297785
0.5488179
0.6089735
0.8508087
0.60827315
0.6777555
0.4496687
0.6808848
0.42211118
0.62600696
0.5657801
0.6419687
0.57859534
0.56801337
0.46117458
0.31307775
0.5244554
0.39300779
0.45054683
0.41007707
0.4151858
0.42877963
0.3745361
0.28835034
0.3123656
0.52671874
0.4270401
0.4530179
0.63993883
0.6687656
0.6674648
0.7002
0.63449156
0.7613187
0.70332247
0.683368
0.68105716
0.7095576
0.80069315
0.7069501
0.69157004
0.697928
0.69725835
0.61531264
0.7379177
0.6452003
0.62956357
1.0
0.63321894
0.69149107
0.6550453
0.6504168
0.72212535
0.56952035
0.67961496
0.7182136
0.74937737
0.6942053
0.70649356
0.72851324
0.6617108
0.6800533
0.659873
0.66367275
0.6994199
0.73720044
0.67861384
0.7960702
0.6154668
0.4558493
0.5474327
0.73139215
0.6655991
0.4103801
0.7045475
0.43628985
0.5190506
0.41202363
0.6155299
0.50129807
0.71563154
0.65199375
0.6937374
0.6481551
0.6436891
0.50313795
0.3486487
0.45842865
0.43288225
0.46508378
0.43790728
0.44656768
0.46424982
0.4117042
0.3156449
0.3442792
0.52023673
0.4829405
0.47740126
0.59204704
0.6777245
0.6085786
0.66065484
0.5645822
0.6747977
0.6315788
0.6734987
0.6438942
0.6583386
0.70484555
0.6709366
0.55474687
0.6972424
0.6700739
0.51442134
0.61178
0.56668127
0.55911493
0.63321894
1.0
0.61258143
0.5853638
0.53449595
0.6956661
0.5347513
0.59194434
0.63429207
0.6677969
0.58902717
0.6142048
0.65326375
0.6383535
0.62518907
0.6564023
0.6476717
0.6836942
0.6801521
0.5833488
0.71337056
0.532103
0.43363297
0.55347216
0.61820215
0.61940366
0.36831686
0.62596494
0.40023592
0.47042194
0.3739788
0.48867264
0.4645837
0.6573272
0.60763955
0.5704756
0.58113235
0.6009615
0.51922953
0.33238938
0.40725958
0.36516815
0.42136562
0.3806273
0.3857663
0.43081045
0.38448122
0.32466072
0.32876498
0.49710482
0.4582127
0.47519067
0.6333675
0.60741
0.7021798
0.647432
0.5528599
0.6618665
0.68383783
0.66306895
0.65669185
0.6291606
0.7055979
0.6652242
0.5997038
0.6411955
0.67506737
0.5743652
0.6583809
0.6816602
0.6260137
0.69149107
0.61258143
0.99999994
0.6023254
0.6025249
0.67819816
0.6193758
0.61056876
0.64453804
0.68538135
0.5903345
0.6722576
0.6396561
0.65176535
0.6717798
0.6412824
0.63841456
0.6021031
0.6668518
0.5970864
0.7414369
0.60432005
0.40409148
0.5517213
0.6494384
0.59827876
0.38905686
0.66588646
0.43754372
0.4987121
0.4273418
0.6018006
0.46240544
0.6632576
0.62214625
0.67647666
0.61072105
0.6513425
0.44957396
0.35300952
0.40442047
0.4200717
0.48883614
0.44664198
0.4595263
0.46084452
0.43605676
0.33403978
0.38020003
0.5291618
0.47950968
0.42725712
0.6602598
0.64618975
0.59324557
0.5856669
0.6168074
0.61701393
0.6448742
0.5655703
0.5952292
0.7439127
0.7513986
0.6173012
0.6142463
0.66686124
0.66489357
0.54151934
0.63841033
0.53525853
0.7634003
0.6550453
0.5853638
0.6023254
1.0
0.58585215
0.6245349
0.69640344
0.5840556
0.6137175
0.5942669
0.5941615
0.7402132
0.6328267
0.57682097
0.5493814
0.6184852
0.6923829
0.6444068
0.6064463
0.58317244
0.65216124
0.5877927
0.48251274
0.5856591
0.63250417
0.8084964
0.88585424
0.86651736
0.87017083
0.9216549
0.4175908
0.68575066
0.50773555
0.6154511
0.53704983
0.6000419
0.54725003
0.5518478
0.5360681
0.38340083
0.5397571
0.57105815
0.6818936
0.69720244
0.641125
0.6490402
0.62622863
0.5899762
0.39830226
0.60548395
0.46510085
0.49597812
0.54737043
0.57703924
0.65325516
0.5652455
0.57578677
0.6187198
0.6008908
0.5483926
0.59148675
0.5861997
0.66078997
0.6161966
0.61692214
0.6046579
0.595355
0.5910532
0.58776337
0.5100095
0.5644287
0.6504168
0.53449595
0.6025249
0.58585215
1.0
0.6104294
0.6031003
0.638291
0.6229398
0.62151
0.5792903
0.5991619
0.5845425
0.54639155
0.5482396
0.5612903
0.6042958
0.58245736
0.6135745
0.5632411
0.78034127
0.57153416
0.43229708
0.48283163
0.6215907
0.53044
0.43920895
0.60873353
0.47695565
0.53018713
0.4794376
0.6009472
0.45447
0.5908729
0.56648827
0.6029099
0.5369565
0.56982505
0.470048
0.39458448
0.4734468
0.46051311
0.48974782
0.4224647
0.4917567
0.5135373
0.4979979
0.35293928
0.3251242
0.5444639
0.38495937
0.39165378
0.6717986
0.6814796
0.6368139
0.68163294
0.63296896
0.7140273
0.7035146
0.71199024
0.78478783
0.7302565
0.7592023
0.7152528
0.5904057
0.7403329
0.7397016
0.57437456
0.6052221
0.642582
0.60358584
0.72212535
0.6956661
0.67819816
0.6245349
0.6104294
1.0
0.582577
0.69749343
0.7201175
0.7702117
0.6419177
0.69363827
0.7096049
0.71927184
0.6823975
0.6756104
0.8774993
0.73952746
0.7183283
0.6254577
0.76220137
0.6139334
0.43236586
0.59201425
0.62370056
0.67481047
0.3824647
0.65788954
0.40979066
0.51334685
0.42646176
0.62119454
0.4931726
0.7149548
0.6632814
0.6678179
0.6415538
0.7288874
0.55092734
0.33746684
0.4622692
0.43455938
0.56066835
0.43332565
0.41013512
0.46153212
0.38873664
0.3334979
0.31035957
0.5257248
0.48588464
0.41125286
0.5982091
0.57055265
0.6447167
0.58717775
0.53426456
0.57929224
0.6552808
0.5490033
0.57905066
0.6161373
0.6413678
0.59941345
0.5710346
0.62891495
0.5936346
0.58552825
0.5578185
0.6633977
0.7273169
0.56952035
0.5347513
0.6193758
0.69640344
0.6031003
0.582577
1.0
0.54030323
0.5651749
0.57464933
0.5539924
0.6640355
0.5527038
0.5416892
0.5836447
0.5526213
0.6358407
0.51042527
0.58201087
0.5525309
0.60874367
0.5691573
0.5015411
0.5435905
0.58601296
0.51471615
0.5804268
0.69089293
0.58942044
0.6501533
0.51878875
0.6443208
0.4281819
0.60212946
0.58461094
0.6385955
0.57811093
0.6002318
0.4039634
0.3571653
0.53888416
0.4431879
0.4900212
0.41934696
0.46696374
0.4919108
0.47793615
0.33326542
0.34802574
0.48796853
0.37968865
0.43269643
0.60890394
0.64127105
0.60277754
0.6286722
0.8597329
0.626221
0.6197488
0.64885753
0.6595304
0.631485
0.719914
0.65542316
0.5560395
0.62329346
0.6689936
0.5588353
0.58713686
0.5979671
0.54538834
0.67961496
0.59194434
0.61056876
0.5840556
0.638291
0.69749343
0.54030323
1.0
0.65255415
0.67422235
0.6333149
0.6189889
0.64460737
0.6395423
0.5929716
0.60356003
0.65362513
0.65302384
0.6502806
0.6011707
0.7584752
0.60101706
0.37658557
0.4944501
0.58075434
0.63655853
0.37080327
0.60314316
0.3926838
0.4884434
0.50080234
0.5791388
0.4545076
0.654658
0.5446482
0.5771767
0.5456123
0.5907262
0.487935
0.3121133
0.39034864
0.39014694
0.48308215
0.43623173
0.40888706
0.4492865
0.38931832
0.3328348
0.31435934
0.51337487
0.43694234
0.4005504
0.6020758
0.6444639
0.59728044
0.6515024
0.5872714
0.71375275
0.6790242
0.7134377
0.692682
0.64867324
0.727912
0.7010247
0.5853189
0.66961443
0.65330017
0.6239224
0.6397711
0.6149219
0.584943
0.7182136
0.63429207
0.64453804
0.6137175
0.6229398
0.7201175
0.5651749
0.65255415
1.0
0.7012295
0.6468463
0.6343461
0.73324496
0.6774119
0.6271174
0.61269736
0.61871564
0.6454888
0.66195226
0.5900066
0.77585566
0.57693
0.337738
0.4909608
0.6009781
0.69911337
0.35020617
0.64282393
0.36831588
0.47813162
0.33154798
0.56090266
0.48091146
0.72046477
0.5870323
0.585581
0.5945282
0.6136743
0.42894262
0.30883893
0.4078865
0.388374
0.45651123
0.40858728
0.37175697
0.42945442
0.34788573
0.31059867
0.26928473
0.46171254
0.41785643
0.39114088
0.62550163
0.69205
0.6272645
0.7268989
0.61570346
0.80781174
0.67532617
0.7123539
0.7659217
0.7243318
0.81735307
0.71574765
0.6159674
0.73195
0.7259128
0.6375981
0.6751894
0.6401275
0.6068209
0.74937737
0.6677969
0.68538135
0.5942669
0.62151
0.7702117
0.57464933
0.67422235
0.7012295
1.0
0.6800185
0.6724733
0.7701688
0.69961923
0.6691302
0.634154
0.69714445
0.7038596
0.78016347
0.7020204
0.8017499
0.6134341
0.45867094
0.5505691
0.7016327
0.66132873
0.30862543
0.65668255
0.36701092
0.45092535
0.34934944
0.6383336
0.5304209
0.75301397
0.64102197
0.6444397
0.6511432
0.6827852
0.4977853
0.38176748
0.47425163
0.4037948
0.48653412
0.39259282
0.38383108
0.41930073
0.3830029
0.3008796
0.3077306
0.58774346
0.4846119
0.42976448
0.57524455
0.5878097
0.7076505
0.60465014
0.6014708
0.66859126
0.625715
0.5737663
0.6791127
0.67194617
0.74678594
0.6496955
0.6003877
0.610344
0.59235525
0.63177955
0.6462305
0.6030718
0.574155
0.6942053
0.58902717
0.5903345
0.5941615
0.5792903
0.6419177
0.5539924
0.6333149
0.6468463
0.6800185
1.0
0.61533624
0.70372397
0.65757835
0.5927706
0.62441635
0.5755432
0.6672535
0.75139177
0.90081567
0.7382033
0.6444326
0.3205585
0.4281363
0.70330274
0.6030114
0.35936794
0.6253369
0.3853249
0.48419538
0.35873914
0.6108316
0.51916933
0.68176913
0.5295817
0.5881263
0.56251085
0.60339856
0.5084478
0.34356737
0.40937307
0.30932218
0.398807
0.30880192
0.3888489
0.4740821
0.3897628
0.26884454
0.28345206
0.51172876
0.43203634
0.43027547
0.72451884
0.6754924
0.64283305
0.6897934
0.6077635
0.7022407
0.7472928
0.6410779
0.6874766
0.79239315
0.80489975
0.7283421
0.6152304
0.7565896
0.77650803
0.52237296
0.65351015
0.70499283
0.8029861
0.70649356
0.6142048
0.6722576
0.7402132
0.5991619
0.69363827
0.6640355
0.6189889
0.6343461
0.6724733
0.61533624
1.0
0.66181886
0.6814519
0.6572012
0.6528708
0.7241378
0.71634686
0.6823417
0.61112124
0.72990716
0.64693487
0.5752099
0.7040515
0.65642124
0.59776115
0.55161333
0.83437324
0.5692038
0.66496193
0.447243
0.842747
0.50377405
0.6735687
0.6404493
0.72561026
0.62711173
0.66055816
0.57800305
0.35710797
0.55915207
0.45035952
0.52799916
0.46509382
0.45790586
0.47807178
0.385576
0.31584942
0.37328234
0.6098976
0.5374007
0.48930132
0.64278924
0.6510462
0.61604863
0.70449156
0.62533116
0.72530586
0.65558296
0.7112315
0.70933217
0.6967224
0.81159014
0.6887824
0.5863937
0.7111167
0.69440776
0.641128
0.66752714
0.6323688
0.595486
0.72851324
0.65326375
0.6396561
0.6328267
0.5845425
0.7096049
0.5527038
0.64460737
0.73324496
0.7701688
0.70372397
0.66181886
1.0
0.67613524
0.6795503
0.659749
0.6397778
0.6717769
0.7282748
0.659156
0.79136205
0.6231786
0.4140827
0.4974
0.6534947
0.7102585
0.360228
0.65941644
0.3928768
0.4983245
0.28824493
0.614467
0.7902807
0.8835279
0.5983478
0.621568
0.65354127
0.6488273
0.5000697
0.60232353
0.676718
0.382469
0.44981393
0.4099243
0.37241444
0.43776265
0.38867486
0.33004805
0.39539632
0.5580993
0.53297234
0.50560963
0.6461998
0.636822
0.64025414
0.60388094
0.5858256
0.7420099
0.70904493
0.6804297
0.728145
0.7390828
0.72359973
0.680185
0.5353392
0.7033373
0.69999504
0.59503406
0.6022265
0.7034615
0.5664085
0.6617108
0.6383535
0.65176535
0.57682097
0.54639155
0.71927184
0.5416892
0.6395423
0.6774119
0.69961923
0.65757835
0.6814519
0.67613524
0.99999994
0.65369844
0.65477973
0.68061614
0.6700137
0.7044963
0.65566814
0.7291638
0.61686325
0.29617324
0.5152635
0.62229633
0.62337583
0.32411185
0.61719084
0.34863326
0.4559421
0.38042298
0.73061156
0.44101995
0.6705902
0.61832064
0.6092054
0.6049499
0.6766685
0.46603814
0.28073296
0.36132565
0.38218775
0.47646442
0.37034315
0.32746556
0.37555456
0.30578795
0.26027942
0.2494598
0.4842019
0.43929893
0.35720152
0.6827273
0.6294059
0.69990337
0.6846107
0.5342895
0.69451106
0.6776624
0.6410721
0.6558398
0.61575633
0.709946
0.6640702
0.60819525
0.6871028
0.6692191
0.57121986
0.611201
0.65269995
0.57718766
0.6800533
0.62518907
0.6717798
0.5493814
0.5482396
0.6823975
0.5836447
0.5929716
0.6271174
0.6691302
0.5927706
0.6572012
0.6795503
0.65369844
0.99999994
0.6017812
0.6326721
0.6388161
0.6337241
0.566098
0.7235081
0.68653303
0.37784714
0.5308746
0.5806526
0.586419
0.32166055
0.6147992
0.33618855
0.43641058
0.3888604
0.61122113
0.49765605
0.7175423
0.85289484
0.8886322
0.8980184
0.90565234
0.48240677
0.3127518
0.3919339
0.3600659
0.4158935
0.36312
0.41601938
0.45247883
0.37407365
0.24682565
0.34858
0.5015372
0.49114564
0.40650532
0.5819895
0.6841637
0.57194304
0.61726564
0.58056176
0.66122377
0.6859237
0.6144481
0.6629025
0.7611453
0.74444264
0.6928955
0.63295233
0.74917805
0.7134756
0.6773215
0.6603235
0.5830716
0.60621285
0.659873
0.6564023
0.6412824
0.6184852
0.5612903
0.6756104
0.5526213
0.60356003
0.61269736
0.634154
0.62441635
0.6528708
0.659749
0.65477973
0.6017812
0.99999994
0.67391145
0.71078324
0.67595583
0.5959037
0.7211519
0.54396224
0.40487674
0.56888765
0.65720993
0.61123157
0.4222957
0.66226196
0.42724428
0.5276499
0.4085021
0.5333716
0.4615987
0.63569903
0.5920651
0.6264441
0.55848366
0.59946513
0.53745246
0.32639953
0.41598886
0.3904632
0.46854934
0.41497803
0.47795305
0.5207902
0.43335545
0.30438963
0.34122005
0.53651035
0.4302329
0.43930537
0.6855412
0.7036884
0.6658614
0.64447016
0.6177669
0.6849366
0.69371253
0.6619714
0.7005854
0.71448934
0.73302186
0.74119234
0.63488775
0.7609595
0.892689
0.55964595
0.6105788
0.61271644
0.62817806
0.66367275
0.6476717
0.63841456
0.6923829
0.6042958
0.8774993
0.6358407
0.65362513
0.61871564
0.69714445
0.5755432
0.7241378
0.6397778
0.68061614
0.6326721
0.67391145
1.0
0.7011848
0.66651493
0.5865047
0.7083928
0.6330564
0.5094976
0.77970165
0.63787794
0.6124641
0.5369159
0.664357
0.55128956
0.6295694
0.5038128
0.6676789
0.5055402
0.6580695
0.65718293
0.68186635
0.6246169
0.6753386
0.5834183
0.38973844
0.5348707
0.5301548
0.60739696
0.5145322
0.5171388
0.5272117
0.4566322
0.38200316
0.36791372
0.62577134
0.5199486
0.45742926
0.6494332
0.7260582
0.6003168
0.64290273
0.6679333
0.7091262
0.64647776
0.64637417
0.7279053
0.73956865
0.76806337
0.70310116
0.57735443
0.7453124
0.72347873
0.53663135
0.6069115
0.5532495
0.611977
0.6994199
0.6836942
0.6021031
0.6444068
0.58245736
0.73952746
0.51042527
0.65302384
0.6454888
0.7038596
0.6672535
0.71634686
0.6717769
0.6700137
0.6388161
0.71078324
0.7011848
1.0
0.7032062
0.6117474
0.73809916
0.61749333
0.43833372
0.6227946
0.62666386
0.6544452
0.42980063
0.68995994
0.4525595
0.54461056
0.3666791
0.6165194
0.49864158
0.66482264
0.6186084
0.62941366
0.57378805
0.66620284
0.8405551
0.33657244
0.4588743
0.39767677
0.51772755
0.42109567
0.4087273
0.46674433
0.3847285
0.34760752
0.3245049
0.59636325
0.47753042
0.43783924
0.6489253
0.64575684
0.63986605
0.6744132
0.6223726
0.74471635
0.7058481
0.6497586
0.7400401
0.73175544
0.79385823
0.7276243
0.5845008
0.75001425
0.6977641
0.6033651
0.64595884
0.6137751
0.61682826
0.73720044
0.6801521
0.6668518
0.6064463
0.6135745
0.7183283
0.58201087
0.6502806
0.66195226
0.78016347
0.75139177
0.6823417
0.7282748
0.7044963
0.6337241
0.67595583
0.66651493
0.7032062
1.0
0.8933338
0.7906372
0.641824
0.42055738
0.5384454
0.86249506
0.61585927
0.35443947
0.6765187
0.38859844
0.47526637
0.4018038
0.61842865
0.5113009
0.7092148
0.61537313
0.6495617
0.591039
0.65118104
0.51576596
0.35300338
0.45126233
0.36515817
0.43916547
0.3372453
0.36690348
0.42097014
0.37089345
0.26727825
0.33113417
0.5432219
0.4898839
0.4453487
0.5823539
0.5676085
0.6892602
0.5807985
0.5839252
0.67945904
0.6274507
0.5643686
0.67437494
0.6824106
0.7279729
0.64269465
0.5582348
0.63364387
0.5987822
0.5799094
0.61951107
0.5766472
0.5753214
0.67861384
0.5833488
0.5970864
0.58317244
0.5632411
0.6254577
0.5525309
0.6011707
0.5900066
0.7020204
0.90081567
0.61112124
0.659156
0.65566814
0.566098
0.5959037
0.5865047
0.6117474
0.8933338
1.0
0.7104681
0.63675
0.33365765
0.45282555
0.81156754
0.55660236
0.3704055
0.62525386
0.38574886
0.48077908
0.39375874
0.60799503
0.47723657
0.6409134
0.5361811
0.59598243
0.538797
0.5981008
0.45546323
0.31694144
0.40262014
0.32164034
0.3962552
0.28132406
0.358643
0.4392582
0.3642899
0.23875281
0.2667768
0.5018259
0.42585367
0.40085718
0.67815673
0.709187
0.709257
0.7645144
0.683947
0.7858916
0.74511814
0.7170277
0.76149774
0.7425223
0.86535233
0.78359807
0.69895905
0.7601417
0.76789397
0.7025182
0.73836386
0.6762213
0.62952083
0.7960702
0.71337056
0.7414369
0.65216124
0.78034127
0.76220137
0.60874367
0.7584752
0.77585566
0.8017499
0.7382033
0.72990716
0.79136205
0.7291638
0.7235081
0.7211519
0.7083928
0.73809916
0.7906372
0.7104681
1.0
0.682612
0.48968998
0.5852605
0.7367421
0.69821215
0.3795913
0.71777207
0.43651676
0.53024113
0.41990095
0.64924127
0.56302446
0.7895148
0.67667186
0.7155522
0.67615855
0.7021811
0.5416764
0.4215001
0.5039197
0.42318
0.49244234
0.43642315
0.46221986
0.5159301
0.45065153
0.35523027
0.36324203
0.6122162
0.54448366
0.49063697
0.8636409
0.6147208
0.7160203
0.5896951
0.6093222
0.62526405
0.6151808
0.6161577
0.61410946
0.5944798
0.6846624
0.67295855
0.5735286
0.6263547
0.65517646
0.53763807
0.5583777
0.61513174
0.55794597
0.6154668
0.532103
0.60432005
0.5877927
0.57153416
0.6139334
0.5691573
0.60101706
0.57693
0.6134341
0.6444326
0.64693487
0.6231786
0.61686325
0.68653303
0.54396224
0.6330564
0.61749333
0.641824
0.63675
0.682612
1.0
0.41981524
0.5597816
0.5916379
0.55220586
0.42761737
0.61530083
0.41659558
0.5218046
0.4948554
0.67239165
0.54279584
0.6217285
0.6687348
0.6992769
0.6424254
0.66963995
0.5487426
0.32488793
0.46323273
0.38466585
0.43959588
0.3735917
0.42615658
0.48249054
0.39278564
0.27591017
0.39339042
0.5615937
0.53163475
0.4567335
0.437879
0.44566146
0.4185962
0.7245713
0.4393173
0.44745806
0.43693057
0.39338896
0.39977226
0.4533835
0.5105337
0.50618875
0.4743492
0.52458316
0.5290421
0.34370497
0.45399553
0.366117
0.54590964
0.4558493
0.43363297
0.40409148
0.48251274
0.43229708
0.43236586
0.5015411
0.37658557
0.337738
0.45867094
0.3205585
0.5752099
0.4140827
0.29617324
0.37784714
0.40487674
0.5094976
0.43833372
0.42055738
0.33365765
0.48968998
0.41981524
1.0
0.5605493
0.46706784
0.3182428
0.44587722
0.5544896
0.46285525
0.4799955
0.43074954
0.4543395
0.38077047
0.4858384
0.4170542
0.47709027
0.37366474
0.38896686
0.4094224
0.37763846
0.72008127
0.3463025
0.38667697
0.35979462
0.40192232
0.38068447
0.3600021
0.2777186
0.34250346
0.5187597
0.37600347
0.4102915
0.60808057
0.64104867
0.54820246
0.61184466
0.5099507
0.55539006
0.6333582
0.5454222
0.5116
0.5826632
0.66042227
0.63084316
0.6308939
0.7116742
0.85116607
0.4140269
0.5687146
0.5222249
0.6310028
0.5474327
0.55347216
0.5517213
0.5856591
0.48283163
0.59201425
0.5435905
0.4944501
0.4909608
0.5505691
0.4281363
0.7040515
0.4974
0.5152635
0.5308746
0.56888765
0.77970165
0.6227946
0.5384454
0.45282555
0.5852605
0.5597816
0.5605493
0.99999994
0.5671236
0.47321787
0.5011478
0.6454657
0.527197
0.6072224
0.45874032
0.5696693
0.48483315
0.5935444
0.5578837
0.62525636
0.54912746
0.516014
0.60929054
0.39124274
0.5532416
0.47680712
0.51308054
0.51328593
0.55002093
0.55621016
0.43837225
0.37340415
0.40136465
0.6766335
0.5809531
0.5076507
0.6057878
0.622756
0.6311309
0.6349059
0.5781213
0.6796171
0.68436724
0.6072952
0.638009
0.68499166
0.76354617
0.6948155
0.67638165
0.7251075
0.6750248
0.61923945
0.89355177
0.570445
0.6297785
0.73139215
0.61820215
0.6494384
0.63250417
0.6215907
0.62370056
0.58601296
0.58075434
0.6009781
0.7016327
0.70330274
0.65642124
0.6534947
0.62229633
0.5806526
0.65720993
0.63787794
0.62666386
0.86249506
0.81156754
0.7367421
0.5916379
0.46706784
0.5671236
1.0
0.57097334
0.45547855
0.677662
0.46963906
0.5463512
0.45112473
0.58609134
0.4742131
0.6592011
0.5817755
0.6404045
0.5841741
0.5807221
0.47207892
0.36934328
0.50088173
0.42584074
0.46836713
0.41772407
0.5136385
0.53388065
0.47970408
0.30660504
0.34640244
0.5697974
0.45026577
0.4702237
0.61042374
0.5912356
0.5346594
0.6150772
0.579529
0.6310947
0.6213785
0.6459305
0.6253692
0.6628035
0.7202951
0.5946165
0.5517301
0.61864805
0.6379557
0.5622252
0.61465335
0.526694
0.5488179
0.6655991
0.61940366
0.59827876
0.8084964
0.53044
0.67481047
0.51471615
0.63655853
0.69911337
0.66132873
0.6030114
0.59776115
0.7102585
0.62337583
0.586419
0.61123157
0.6124641
0.6544452
0.61585927
0.55660236
0.69821215
0.55220586
0.3182428
0.47321787
0.57097334
1.0
0.5930221
0.60027766
0.59764534
0.6898201
0.28053036
0.55381274
0.5233317
0.6869189
0.5224908
0.53454995
0.56608295
0.5566873
0.49413902
0.33375674
0.39550704
0.5411919
0.6812492
0.7338313
0.5816127
0.64506
0.60710573
0.672896
0.33320275
0.49261242
0.46648943
0.44722226
0.4904442
0.45516157
0.44045624
0.3605453
0.45434472
0.3580609
0.42030594
0.33282888
0.33664522
0.52708715
0.478336
0.412093
0.4577623
0.44032222
0.46237952
0.30753478
0.43561843
0.33048496
0.6089735
0.4103801
0.36831686
0.38905686
0.88585424
0.43920895
0.3824647
0.5804268
0.37080327
0.35020617
0.30862543
0.35936794
0.55161333
0.360228
0.32411185
0.32166055
0.4222957
0.5369159
0.42980063
0.35443947
0.3704055
0.3795913
0.42761737
0.44587722
0.5011478
0.45547855
0.5930221
1.0
0.6957993
0.89702266
0.89518565
0.4154675
0.53076696
0.38257942
0.365658
0.36308163
0.42765746
0.35596344
0.34864932
0.44814962
0.35010323
0.49885282
0.55592847
0.64496905
0.68385565
0.637776
0.60411406
0.62644124
0.5948944
0.37665132
0.51967347
0.33787206
0.4243798
0.6827472
0.71105367
0.6314656
0.6689636
0.64404273
0.6810992
0.71701884
0.6016052
0.65649575
0.7999158
0.8216735
0.6994839
0.65212494
0.7506332
0.73474556
0.5551762
0.68825704
0.62125105
0.8508087
0.7045475
0.62596494
0.66588646
0.86651736
0.60873353
0.65788954
0.69089293
0.60314316
0.64282393
0.65668255
0.6253369
0.83437324
0.65941644
0.61719084
0.6147992
0.66226196
0.664357
0.68995994
0.6765187
0.62525386
0.71777207
0.61530083
0.5544896
0.6454657
0.677662
0.60027766
0.6957993
0.99999994
0.70630556
0.7782521
0.44164845
0.6925857
0.49361625
0.66149193
0.59913194
0.6767671
0.58868796
0.6035026
0.54552066
0.36597085
0.5517646
0.43310818
0.49969265
0.46445096
0.49610233
0.50673187
0.4390628
0.32880732
0.38490453
0.64629537
0.49989197
0.5202318
0.4787109
0.4883144
0.46758378
0.4070521
0.45969862
0.39554277
0.44528118
0.34722325
0.38833573
0.52870834
0.5276265
0.40812746
0.4826322
0.46194756
0.49260697
0.36602
0.45272213
0.33977097
0.60827315
0.43628985
0.40023592
0.43754372
0.87017083
0.47695565
0.40979066
0.58942044
0.3926838
0.36831588
0.36701092
0.3853249
0.5692038
0.3928768
0.34863326
0.33618855
0.42724428
0.55128956
0.4525595
0.38859844
0.38574886
0.43651676
0.41659558
0.46285525
0.527197
0.46963906
0.59764534
0.89702266
0.70630556
1.0
0.8774202
0.39785594
0.5321525
0.4129445
0.41312763
0.35265246
0.43381596
0.3787983
0.37342218
0.46927047
0.5970773
0.5123491
0.5369741
0.656282
0.67818475
0.6356017
0.606146
0.7444931
0.79092926
0.36655593
0.5967303
0.37078393
0.4090471
0.5660084
0.54227215
0.54074985
0.51817364
0.55248296
0.4672898
0.52169985
0.46396047
0.48327857
0.62038445
0.6317757
0.52569634
0.55238867
0.5703848
0.5912617
0.44867805
0.54775816
0.4189631
0.6777555
0.5190506
0.47042194
0.4987121
0.9216549
0.53018713
0.51334685
0.6501533
0.4884434
0.47813162
0.45092535
0.48419538
0.66496193
0.4983245
0.4559421
0.43641058
0.5276499
0.6295694
0.54461056
0.47526637
0.48077908
0.53024113
0.5218046
0.4799955
0.6072224
0.5463512
0.6898201
0.89518565
0.7782521
0.8774202
1.0
0.44575614
0.61764205
0.49326056
0.54694307
0.45856822
0.5278403
0.4543782
0.4612271
0.53996193
0.396842
0.5488337
0.6029721
0.7190206
0.746044
0.6844632
0.7439431
0.6334312
0.60627294
0.406717
0.6170583
0.45749488
0.47307378
0.43814996
0.42154175
0.58458793
0.40764698
0.48057866
0.38416585
0.44765088
0.4202171
0.37791717
0.39998966
0.3858378
0.50868374
0.4068956
0.39772344
0.46240687
0.38133848
0.38865083
0.41928
0.4496687
0.41202363
0.3739788
0.4273418
0.4175908
0.4794376
0.42646176
0.51878875
0.50080234
0.33154798
0.34934944
0.35873914
0.447243
0.28824493
0.38042298
0.3888604
0.4085021
0.5038128
0.3666791
0.4018038
0.39375874
0.41990095
0.4948554
0.43074954
0.45874032
0.45112473
0.28053036
0.4154675
0.44164845
0.39785594
0.44575614
1.0
0.41854656
0.27143678
0.38771483
0.6378396
0.54796904
0.36387742
0.4279072
0.35035366
0.24707456
0.42829752
0.59558046
0.42690152
0.3652999
0.43274713
0.41415524
0.37316126
0.24137898
0.23306277
0.4298507
0.2855323
0.29829237
0.67446595
0.57879597
0.63101774
0.5913512
0.5624479
0.66332054
0.6282452
0.58353436
0.6183532
0.66972196
0.707695
0.60675424
0.54870844
0.6506764
0.65098065
0.49964777
0.5503735
0.66072226
0.6808848
0.6155299
0.48867264
0.6018006
0.68575066
0.6009472
0.62119454
0.6443208
0.5791388
0.56090266
0.6383336
0.6108316
0.842747
0.614467
0.73061156
0.61122113
0.5333716
0.6676789
0.6165194
0.61842865
0.60799503
0.64924127
0.67239165
0.4543395
0.5696693
0.58609134
0.55381274
0.53076696
0.6925857
0.5321525
0.61764205
0.41854656
0.99999994
0.4635174
0.62367123
0.5916249
0.63044244
0.58430076
0.6298432
0.48579478
0.34085938
0.5071063
0.45078614
0.51920724
0.4449779
0.44297084
0.45432627
0.37719038
0.30038846
0.31323487
0.5240159
0.4350466
0.38779494
0.53151405
0.4855433
0.51325655
0.51392895
0.53098804
0.50695306
0.45422736
0.50625205
0.49662787
0.48468155
0.59752357
0.5037938
0.4323537
0.5238245
0.5412858
0.434913
0.47186628
0.42678535
0.42211118
0.50129807
0.4645837
0.46240544
0.50773555
0.45447
0.4931726
0.4281819
0.4545076
0.48091146
0.5304209
0.51916933
0.50377405
0.7902807
0.44101995
0.49765605
0.4615987
0.5055402
0.49864158
0.5113009
0.47723657
0.56302446
0.54279584
0.38077047
0.48483315
0.4742131
0.5233317
0.38257942
0.49361625
0.4129445
0.49326056
0.27143678
0.4635174
0.99999994
0.70490646
0.44930366
0.4642843
0.47098744
0.48270127
0.69231945
0.64427567
0.69377
0.39367187
0.44614908
0.4381456
0.38199025
0.4304351
0.4222274
0.3723907
0.61868614
0.70984954
0.7326978
0.66793275
0.62436026
0.63254887
0.6721593
0.8813773
0.60513943
0.71942055
0.6541365
0.68672884
0.7019624
0.6583138
0.79953164
0.6658206
0.63770425
0.7190487
0.72073776
0.6325403
0.683734
0.6520254
0.62600696
0.71563154
0.6573272
0.6632576
0.6154511
0.5908729
0.7149548
0.60212946
0.654658
0.72046477
0.75301397
0.68176913
0.6735687
0.8835279
0.6705902
0.7175423
0.63569903
0.6580695
0.66482264
0.7092148
0.6409134
0.7895148
0.6217285
0.4858384
0.5935444
0.6592011
0.6869189
0.365658
0.66149193
0.41312763
0.54694307
0.38771483
0.62367123
0.70490646
1.0
0.6436017
0.6664899
0.72219837
0.6806881
0.51688695
0.54592025
0.63058364
0.4131645
0.49562848
0.46602103
0.46109155
0.54271525
0.44447717
0.36670548
0.39612404
0.58768374
0.56152123
0.5286743
0.64084935
0.6240693
0.714777
0.62772274
0.5333834
0.6739334
0.65792555
0.63921535
0.62984294
0.60286874
0.65437204
0.7060482
0.5933788
0.64313626
0.66816014
0.52696556
0.5738418
0.6110027
0.5657801
0.65199375
0.60763955
0.62214625
0.53704983
0.56648827
0.6632814
0.58461094
0.5446482
0.5870323
0.64102197
0.5295817
0.6404493
0.5983478
0.61832064
0.85289484
0.5920651
0.65718293
0.6186084
0.61537313
0.5361811
0.67667186
0.6687348
0.4170542
0.5578837
0.5817755
0.5224908
0.36308163
0.59913194
0.35265246
0.45856822
0.6378396
0.5916249
0.44930366
0.6436017
1.0
0.85725266
0.78099006
0.81122714
0.48898742
0.27800202
0.4250065
0.6243376
0.46504
0.39183143
0.45242006
0.4646931
0.38024315
0.2261839
0.3162766
0.51937294
0.4635065
0.4094275
0.6860312
0.6512322
0.72936904
0.6571737
0.5527806
0.6661276
0.712479
0.62619865
0.6399852
0.6322056
0.7196967
0.73255116
0.66267043
0.69525933
0.7073327
0.59236634
0.6349675
0.66029584
0.6419687
0.6937374
0.5704756
0.67647666
0.6000419
0.6029099
0.6678179
0.6385955
0.5771767
0.585581
0.6444397
0.5881263
0.72561026
0.621568
0.6092054
0.8886322
0.6264441
0.68186635
0.62941366
0.6495617
0.59598243
0.7155522
0.6992769
0.47709027
0.62525636
0.6404045
0.53454995
0.42765746
0.6767671
0.43381596
0.5278403
0.54796904
0.63044244
0.4642843
0.6664899
0.85725266
1.0
0.81309384
0.8325399
0.49299636
0.3312576
0.484064
0.4729293
0.47687012
0.41776252
0.5062344
0.5169409
0.4324665
0.2645585
0.37218502
0.550396
0.4950185
0.41985142
0.6301194
0.6209489
0.6697592
0.6847638
0.476178
0.6587103
0.645318
0.6007942
0.6135257
0.591413
0.67203236
0.612025
0.6002133
0.65990937
0.65445787
0.5414962
0.62227565
0.61228937
0.57859534
0.6481551
0.58113235
0.61072105
0.54725003
0.5369565
0.6415538
0.57811093
0.5456123
0.5945282
0.6511432
0.56251085
0.62711173
0.65354127
0.6049499
0.8980184
0.55848366
0.6246169
0.57378805
0.591039
0.538797
0.67615855
0.6424254
0.37366474
0.54912746
0.5841741
0.56608295
0.35596344
0.58868796
0.3787983
0.4543782
0.36387742
0.58430076
0.47098744
0.72219837
0.78099006
0.81309384
1.0000001
0.8198651
0.4178727
0.3647058
0.3940926
0.3852072
0.42880756
0.38690317
0.41405156
0.44289997
0.3858379
0.29721692
0.31870753
0.5008584
0.47299826
0.4142548
0.6266512
0.6348373
0.68384886
0.6466405
0.55656034
0.67610687
0.6626057
0.6371805
0.8586102
0.65326023
0.68846494
0.66187066
0.6182105
0.7016429
0.64643264
0.5339578
0.55793834
0.62295496
0.56801337
0.6436891
0.6009615
0.6513425
0.5518478
0.56982505
0.7288874
0.6002318
0.5907262
0.6136743
0.6827852
0.60339856
0.66055816
0.6488273
0.6766685
0.90565234
0.59946513
0.6753386
0.66620284
0.65118104
0.5981008
0.7021811
0.66963995
0.38896686
0.516014
0.5807221
0.5566873
0.34864932
0.6035026
0.37342218
0.4612271
0.4279072
0.6298432
0.48270127
0.6806881
0.81122714
0.8325399
0.8198651
1.0
0.521836
0.3416404
0.41572776
0.4013569
0.6085357
0.35182434
0.42192796
0.46932027
0.39009467
0.2710466
0.30758122
0.5198162
0.46775615
0.3938135
0.5533457
0.58057296
0.5122376
0.47957033
0.5855775
0.52021575
0.47207454
0.47053993
0.5428941
0.5544069
0.5838883
0.54241204
0.4441843
0.58208305
0.59025156
0.36070597
0.43900782
0.37712228
0.46117458
0.50313795
0.51922953
0.44957396
0.5360681
0.470048
0.55092734
0.4039634
0.487935
0.42894262
0.4977853
0.5084478
0.57800305
0.5000697
0.46603814
0.48240677
0.53745246
0.5834183
0.8405551
0.51576596
0.45546323
0.5416764
0.5487426
0.4094224
0.60929054
0.47207892
0.49413902
0.44814962
0.54552066
0.46927047
0.53996193
0.35035366
0.48579478
0.69231945
0.51688695
0.48898742
0.49299636
0.4178727
0.521836
1.0
0.38231897
0.4816193
0.40789694
0.5135677
0.44638184
0.41689065
0.4604802
0.41506818
0.38488218
0.5227757
0.72925895
0.6550499
0.5829353
0.3229533
0.37476256
0.3979554
0.39868352
0.35046658
0.3427338
0.30546263
0.33642724
0.35294986
0.3155307
0.42253295
0.32558027
0.35439155
0.35396504
0.39428937
0.33925882
0.34336087
0.2947229
0.31307775
0.3486487
0.33238938
0.35300952
0.38340083
0.39458448
0.33746684
0.3571653
0.3121133
0.30883893
0.38176748
0.34356737
0.35710797
0.60232353
0.28073296
0.3127518
0.32639953
0.38973844
0.33657244
0.35300338
0.31694144
0.4215001
0.32488793
0.37763846
0.39124274
0.36934328
0.33375674
0.35010323
0.36597085
0.5970773
0.396842
0.24707456
0.34085938
0.64427567
0.54592025
0.27800202
0.3312576
0.3647058
0.3416404
0.38231897
1.0
0.64088213
0.31274217
0.39292926
0.3611062
0.34850168
0.35132906
0.58704257
0.6737738
0.341356
0.5433085
0.37287578
0.35488448
0.48610958
0.47029376
0.4717704
0.51395094
0.47912756
0.42494398
0.45408762
0.45156446
0.43280092
0.46757737
0.5478854
0.49143413
0.45690617
0.51587915
0.5236444
0.391073
0.47792944
0.38743213
0.5244554
0.45842865
0.40725958
0.40442047
0.5397571
0.4734468
0.4622692
0.53888416
0.39034864
0.4078865
0.47425163
0.40937307
0.55915207
0.676718
0.36132565
0.3919339
0.41598886
0.5348707
0.4588743
0.45126233
0.40262014
0.5039197
0.46323273
0.72008127
0.5532416
0.50088173
0.39550704
0.49885282
0.5517646
0.5123491
0.5488337
0.42829752
0.5071063
0.69377
0.63058364
0.4250065
0.484064
0.3940926
0.41572776
0.4816193
0.64088213
1.0
0.42458072
0.45608374
0.4249292
0.4194588
0.41892865
0.41524658
0.34369537
0.4145798
0.55887157
0.441866
0.45587015
0.3913352
0.4496704
0.5085098
0.37505332
0.43177643
0.38397413
0.44961157
0.4335274
0.40183577
0.42342913
0.41637596
0.4893654
0.4520428
0.4187412
0.4994522
0.34396532
0.42055225
0.35139894
0.39300779
0.43288225
0.36516815
0.4200717
0.57105815
0.46051311
0.43455938
0.4431879
0.39014694
0.388374
0.4037948
0.30932218
0.45035952
0.382469
0.38218775
0.3600659
0.3904632
0.5301548
0.39767677
0.36515817
0.32164034
0.42318
0.38466585
0.3463025
0.47680712
0.42584074
0.5411919
0.55592847
0.43310818
0.5369741
0.6029721
0.59558046
0.45078614
0.39367187
0.4131645
0.6243376
0.4729293
0.3852072
0.4013569
0.40789694
0.31274217
0.42458072
0.99999994
0.712862
0.7369607
0.64177537
0.5598463
0.5222761
0.48508158
0.32259685
0.5131735
0.361473
0.36902457
0.42400157
0.5191539
0.47766116
0.4589075
0.5096764
0.42094475
0.4856301
0.48833358
0.68115276
0.5161593
0.5265027
0.49471742
0.5153976
0.5313882
0.5322364
0.3688336
0.4503238
0.38241783
0.45054683
0.46508378
0.42136562
0.48883614
0.6818936
0.48974782
0.56066835
0.4900212
0.48308215
0.45651123
0.48653412
0.398807
0.52799916
0.44981393
0.47646442
0.4158935
0.46854934
0.60739696
0.51772755
0.43916547
0.3962552
0.49244234
0.43959588
0.38667697
0.51308054
0.46836713
0.6812492
0.64496905
0.49969265
0.656282
0.7190206
0.42690152
0.51920724
0.44614908
0.49562848
0.46504
0.47687012
0.42880756
0.6085357
0.5135677
0.39292926
0.45608374
0.712862
0.99999994
0.8565129
0.7288955
0.667417
0.62596637
0.6404008
0.33339536
0.57981014
0.41655806
0.40536937
0.41450626
0.45931065
0.41685787
0.43102103
0.4512981
0.34952053
0.43250057
0.43040663
0.3578169
0.41089457
0.48450434
0.42880303
0.45415846
0.44303858
0.50658005
0.35012645
0.46630406
0.33056274
0.41007707
0.43790728
0.3806273
0.44664198
0.69720244
0.4224647
0.43332565
0.41934696
0.43623173
0.40858728
0.39259282
0.30880192
0.46509382
0.4099243
0.37034315
0.36312
0.41497803
0.5145322
0.42109567
0.3372453
0.28132406
0.43642315
0.3735917
0.35979462
0.51328593
0.41772407
0.7338313
0.68385565
0.46445096
0.67818475
0.746044
0.3652999
0.4449779
0.4381456
0.46602103
0.39183143
0.41776252
0.38690317
0.35182434
0.44638184
0.3611062
0.4249292
0.7369607
0.8565129
1.0
0.79386926
0.6871035
0.65983146
0.7056467
0.38013798
0.55741054
0.4151513
0.41102487
0.39470342
0.47999874
0.51063716
0.45810592
0.41719058
0.37425342
0.49565738
0.4185502
0.38618016
0.40536126
0.48547032
0.4638956
0.7446124
0.49575344
0.51142216
0.4329025
0.54829484
0.31914285
0.4151858
0.44656768
0.3857663
0.4595263
0.641125
0.4917567
0.41013512
0.46696374
0.40888706
0.37175697
0.38383108
0.3888489
0.45790586
0.37241444
0.32746556
0.41601938
0.47795305
0.5171388
0.4087273
0.36690348
0.358643
0.46221986
0.42615658
0.40192232
0.55002093
0.5136385
0.5816127
0.637776
0.49610233
0.6356017
0.6844632
0.43274713
0.44297084
0.38199025
0.46109155
0.45242006
0.5062344
0.41405156
0.42192796
0.41689065
0.34850168
0.4194588
0.64177537
0.7288955
0.79386926
1.0
0.91950095
0.75337565
0.56967086
0.3394552
0.56679016
0.40702614
0.43333215
0.43467543
0.46905547
0.54194486
0.5165988
0.44391593
0.41152892
0.5012784
0.46222728
0.4526661
0.4524446
0.5265423
0.48660037
0.7533218
0.5204601
0.53142506
0.48246884
0.5610941
0.33473542
0.42877963
0.46424982
0.43081045
0.46084452
0.6490402
0.5135373
0.46153212
0.4919108
0.4492865
0.42945442
0.41930073
0.4740821
0.47807178
0.43776265
0.37555456
0.45247883
0.5207902
0.5272117
0.46674433
0.42097014
0.4392582
0.5159301
0.48249054
0.38068447
0.55621016
0.53388065
0.64506
0.60411406
0.50673187
0.606146
0.7439431
0.41415524
0.45432627
0.4304351
0.54271525
0.4646931
0.5169409
0.44289997
0.46932027
0.4604802
0.35132906
0.41892865
0.5598463
0.667417
0.6871035
0.91950095
1.0
0.73771614
0.5762987
0.3249976
0.5474976
0.44002262
0.44141844
0.3733364
0.4097093
0.48077253
0.4171781
0.4045149
0.3738187
0.44017076
0.36767823
0.36817572
0.37477574
0.44468215
0.36832213
0.5599034
0.4344713
0.42712402
0.46626648
0.48158956
0.2669592
0.3745361
0.4117042
0.38448122
0.43605676
0.62622863
0.4979979
0.38873664
0.47793615
0.38931832
0.34788573
0.3830029
0.3897628
0.385576
0.38867486
0.30578795
0.37407365
0.43335545
0.4566322
0.3847285
0.37089345
0.3642899
0.45065153
0.39278564
0.3600021
0.43837225
0.47970408
0.60710573
0.62644124
0.4390628
0.7444931
0.6334312
0.37316126
0.37719038
0.4222274
0.44447717
0.38024315
0.4324665
0.3858379
0.39009467
0.41506818
0.58704257
0.41524658
0.5222761
0.62596637
0.65983146
0.75337565
0.73771614
0.99999994
0.79592025
0.3855571
0.5378899
0.38366634
0.39607748
0.31675896
0.3352417
0.33009955
0.33051974
0.3257414
0.2769685
0.30024526
0.30050024
0.2955091
0.31345242
0.36000365
0.2581547
0.33741337
0.28760907
0.3604256
0.2821604
0.31580055
0.21293747
0.28835034
0.3156449
0.32466072
0.33403978
0.5899762
0.35293928
0.3334979
0.33326542
0.3328348
0.31059867
0.3008796
0.26884454
0.31584942
0.33004805
0.26027942
0.24682565
0.30438963
0.38200316
0.34760752
0.26727825
0.23875281
0.35523027
0.27591017
0.2777186
0.37340415
0.30660504
0.672896
0.5948944
0.32880732
0.79092926
0.60627294
0.24137898
0.30038846
0.3723907
0.36670548
0.2261839
0.2645585
0.29721692
0.2710466
0.38488218
0.6737738
0.34369537
0.48508158
0.6404008
0.7056467
0.56967086
0.5762987
0.79592025
1.0
0.27880597
0.47249362
0.31549832
0.3052831
0.41329515
0.37398657
0.35458344
0.36267143
0.40450498
0.32993367
0.37566495
0.31199074
0.29002872
0.34591302
0.4059607
0.3632063
0.32586214
0.41736144
0.38845402
0.2652825
0.36056218
0.30429673
0.3123656
0.3442792
0.32876498
0.38020003
0.39830226
0.3251242
0.31035957
0.34802574
0.31435934
0.26928473
0.3077306
0.28345206
0.37328234
0.39539632
0.2494598
0.34858
0.34122005
0.36791372
0.3245049
0.33113417
0.2667768
0.36324203
0.39339042
0.34250346
0.40136465
0.34640244
0.33320275
0.37665132
0.38490453
0.36655593
0.406717
0.23306277
0.31323487
0.61868614
0.39612404
0.3162766
0.37218502
0.31870753
0.30758122
0.5227757
0.341356
0.4145798
0.32259685
0.33339536
0.38013798
0.3394552
0.3249976
0.3855571
0.27880597
0.99999994
0.5695135
0.636987
0.56304735
0.55541915
0.62130874
0.5677751
0.57530624
0.58775866
0.56698805
0.5603143
0.49877226
0.5505229
0.59933096
0.6688371
0.59870386
0.56902444
0.63518506
0.68646145
0.45328158
0.5679646
0.4681771
0.52671874
0.52023673
0.49710482
0.5291618
0.60548395
0.5444639
0.5257248
0.48796853
0.51337487
0.46171254
0.58774346
0.51172876
0.6098976
0.5580993
0.4842019
0.5015372
0.53651035
0.62577134
0.59636325
0.5432219
0.5018259
0.6122162
0.5615937
0.5187597
0.6766335
0.5697974
0.49261242
0.51967347
0.64629537
0.5967303
0.6170583
0.4298507
0.5240159
0.70984954
0.58768374
0.51937294
0.550396
0.5008584
0.5198162
0.72925895
0.5433085
0.55887157
0.5131735
0.57981014
0.55741054
0.56679016
0.5474976
0.5378899
0.47249362
0.5695135
1.0
0.70244735
0.64498395
0.5362735
0.48122707
0.5032994
0.5178868
0.49946278
0.48469546
0.48971725
0.46597517
0.48382628
0.46630758
0.55854493
0.52675
0.47396663
0.5429427
0.58342904
0.36062783
0.46322203
0.43135083
0.4270401
0.4829405
0.4582127
0.47950968
0.46510085
0.38495937
0.48588464
0.37968865
0.43694234
0.41785643
0.4846119
0.43203634
0.5374007
0.53297234
0.43929893
0.49114564
0.4302329
0.5199486
0.47753042
0.4898839
0.42585367
0.54448366
0.53163475
0.37600347
0.5809531
0.45026577
0.46648943
0.33787206
0.49989197
0.37078393
0.45749488
0.2855323
0.4350466
0.7326978
0.56152123
0.4635065
0.4950185
0.47299826
0.46775615
0.6550499
0.37287578
0.441866
0.361473
0.41655806
0.4151513
0.40702614
0.44002262
0.38366634
0.31549832
0.636987
0.70244735
1.0
0.6872493
0.44646174
0.45882145
0.44753948
0.504414
0.46231693
0.45625302
0.45040736
0.43466967
0.4361199
0.44787607
0.53992665
0.49429518
0.47879276
0.50487614
0.52927667
0.35475883
0.49439302
0.3920748
0.4530179
0.47740126
0.47519067
0.42725712
0.49597812
0.39165378
0.41125286
0.43269643
0.4005504
0.39114088
0.42976448
0.43027547
0.48930132
0.50560963
0.35720152
0.40650532
0.43930537
0.45742926
0.43783924
0.4453487
0.40085718
0.49063697
0.4567335
0.4102915
0.5076507
0.4702237
0.44722226
0.4243798
0.5202318
0.4090471
0.47307378
0.29829237
0.38779494
0.66793275
0.5286743
0.4094275
0.41985142
0.4142548
0.3938135
0.5829353
0.35488448
0.45587015
0.36902457
0.40536937
0.41102487
0.43333215
0.44141844
0.39607748
0.3052831
0.56304735
0.64498395
0.6872493
1.0
