1.0
0.9038716
0.9148208
0.89472944
0.67059624
0.63336974
0.42430022
0.52230096
0.8048418
0.6538239
0.76495594
0.7698624
0.6982476
0.6974301
0.79198736
0.78378356
0.8464795
0.8619561
0.70544785
0.6803259
0.6951385
0.68550295
0.7038533
0.68591166
0.6641363
0.68837553
0.63091415
0.6726367
0.6605715
0.5966734
0.6542132
0.70109916
0.6008436
0.6876841
0.65265113
0.9038716
1.0
0.9075575
0.8957577
0.7454755
0.7011287
0.43825775
0.5380671
0.8161947
0.6269403
0.7487173
0.76335955
0.6821903
0.6982367
0.7801677
0.7867282
0.85885835
0.85963833
0.7044462
0.68952936
0.6960589
0.6896382
0.7168909
0.6856017
0.6503002
0.6859541
0.6216054
0.6442113
0.6419594
0.57304806
0.6457137
0.7119767
0.6151313
0.6828585
0.6820362
0.9148208
0.9075575
1.0
0.8980073
0.6783536
0.6287285
0.4239474
0.5357567
0.81122345
0.6192303
0.7490828
0.7570087
0.69561625
0.6847144
0.7904242
0.7833557
0.8536704
0.8519003
0.71125984
0.67816275
0.7052884
0.68840307
0.71372867
0.6791749
0.6471862
0.6805365
0.60827285
0.65422267
0.6326269
0.58012277
0.63255244
0.7218611
0.611873
0.70603025
0.662965
0.89472944
0.8957577
0.8980073
1.0
0.6659843
0.5982162
0.4167288
0.48110232
0.9003109
0.7582609
0.87773544
0.8619908
0.83591616
0.8232848
0.88170874
0.9024837
0.93890476
0.95696694
0.8343161
0.7622749
0.7860567
0.7893691
0.7898475
0.7711703
0.77325165
0.77566594
0.7561487
0.7531829
0.74620926
0.66549015
0.7410223
0.7893292
0.6777072
0.7753535
0.76419556
0.67059624
0.7454755
0.6783536
0.6659843
1.0
0.79832673
0.42236242
0.44817185
0.7269902
0.7172523
0.6752759
0.65752786
0.69600785
0.7118173
0.6739129
0.68241763
0.81581473
0.6860082
0.741538
0.84843403
0.87670213
0.8475943
0.8761159
0.866566
0.711278
0.75157875
0.68105537
0.74586844
0.73318523
0.76655424
0.7459299
0.75105447
0.6814826
0.719782
0.7461941
0.63336974
0.7011287
0.6287285
0.5982162
0.79832673
1.0
0.33480132
0.4179985
0.6729242
0.77118504
0.60140944
0.58521533
0.627965
0.6365873
0.5960738
0.6228847
0.639647
0.6201489
0.648915
0.69257796
0.66732013
0.66485727
0.70664585
0.6887868
0.64801663
0.7007451
0.62602437
0.6427731
0.6729517
0.6245729
0.6535496
0.6946211
0.67248654
0.63975024
0.68187505
0.42430022
0.43825775
0.4239474
0.4167288
0.42236242
0.33480132
0.99999994
0.8325982
0.3890909
0.32842115
0.3384779
0.39096594
0.35244295
0.350561
0.41630593
0.36359462
0.42112228
0.4106943
0.3508597
0.40504563
0.41625535
0.3899865
0.38442406
0.4051802
0.37067193
0.3651054
0.30801266
0.4337329
0.3870384
0.3313608
0.36491024
0.3647295
0.33150482
0.38049218
0.33683407
0.52230096
0.5380671
0.5357567
0.48110232
0.44817185
0.4179985
0.8325982
1.0
0.44505152
0.3491876
0.3646618
0.43787697
0.35583472
0.3672392
0.46605903
0.41172367
0.44149658
0.47367892
0.3702841
0.4104315
0.39639437
0.37564296
0.37822095
0.38663855
0.39498386
0.3982201
0.33346534
0.44263697
0.40498045
0.33819827
0.4087223
0.41814676
0.35410848
0.446962
0.37626913
0.8048418
0.8161947
0.81122345
0.9003109
0.7269902
0.6729242
0.3890909
0.44505152
1.0
0.81759036
0.8800739
0.8461866
0.83396596
0.8094491
0.8629811
0.8956327
0.87750643
0.8824041
0.8650741
0.8139156
0.8020629
0.8062626
0.8939929
0.82545906
0.79368484
0.90270317
0.7966069
0.77123666
0.8117344
0.72234225
0.7824948
0.9153348
0.7446515
0.81400365
0.8207799
0.6538239
0.6269403
0.6192303
0.7582609
0.7172523
0.77118504
0.32842115
0.3491876
0.81759036
1.0
0.78614056
0.73897237
0.8524545
0.8054614
0.75569934
0.7991418
0.76405096
0.75823987
0.8245125
0.79421824
0.80944335
0.8085222
0.8287642
0.81618476
0.8107871
0.83686316
0.8156181
0.79829943
0.8143069
0.7529155
0.7941431
0.795178
0.71011704
0.75785434
0.78500485
0.76495594
0.7487173
0.7490828
0.87773544
0.6752759
0.60140944
0.3384779
0.3646618
0.8800739
0.78614056
1.0
0.8407164
0.832924
0.82180005
0.84767187
0.8853249
0.86271614
0.86457413
0.84691787
0.79860353
0.7710729
0.8039269
0.7933392
0.7989106
0.7908882
0.77970815
0.7981287
0.7429805
0.77961564
0.69981486
0.7614054
0.7901923
0.70881313
0.7824506
0.78721327
0.7698624
0.76335955
0.7570087
0.8619908
0.65752786
0.58521533
0.39096594
0.43787697
0.8461866
0.73897237
0.8407164
0.9999999
0.76973003
0.7842129
0.83984023
0.84293085
0.8339268
0.84230566
0.81166357
0.76504433
0.749459
0.75995624
0.7572452
0.7710901
0.7506503
0.7489162
0.7346432
0.73026085
0.7591339
0.69255275
0.72667235
0.77282256
0.7334249
0.7765936
0.74831146
0.6982476
0.6821903
0.69561625
0.83591616
0.69600785
0.627965
0.35244295
0.35583472
0.83396596
0.8524545
0.832924
0.76973003
1.0
0.8634647
0.7712019
0.84516686
0.8353686
0.8225269
0.85351264
0.81498
0.8364136
0.85057634
0.8452697
0.84102494
0.8383544
0.83368784
0.84700304
0.8203283
0.8212262
0.7402257
0.8123226
0.78599346
0.7032654
0.75275385
0.8088425
0.6974301
0.6982367
0.6847144
0.8232848
0.7118173
0.6365873
0.350561
0.3672392
0.8094491
0.8054614
0.82180005
0.7842129
0.8634647
1.0
0.7905522
0.82063717
0.8316947
0.8228952
0.8803649
0.8111709
0.8223191
0.84744143
0.81932443
0.8250509
0.83976954
0.8070762
0.82354116
0.80136883
0.8069349
0.7250205
0.8082401
0.8003843
0.7420616
0.79341614
0.8106807
0.79198736
0.7801677
0.7904242
0.88170874
0.6739129
0.5960738
0.41630593
0.46605903
0.8629811
0.75569934
0.84767187
0.83984023
0.7712019
0.7905522
1.0
0.8529068
0.85111994
0.8553497
0.8087002
0.7489509
0.7573898
0.77710897
0.7602229
0.7520332
0.763223
0.74432075
0.7205542
0.7206237
0.72784966
0.6758447
0.7378927
0.76480246
0.68027246
0.8348532
0.7226179
0.78378356
0.7867282
0.7833557
0.9024837
0.68241763
0.6228847
0.36359462
0.41172367
0.8956327
0.7991418
0.8853249
0.84293085
0.84516686
0.82063717
0.8529068
1.0
0.86640376
0.87706935
0.82943225
0.76886195
0.7952332
0.79706025
0.7943959
0.77908456
0.791244
0.7895293
0.79315287
0.7532294
0.7640498
0.69966495
0.7591396
0.7817732
0.6936818
0.76658225
0.7818743
0.8464795
0.85885835
0.8536704
0.93890476
0.81581473
0.639647
0.42112228
0.44149658
0.87750643
0.76405096
0.86271614
0.8339268
0.8353686
0.8316947
0.85111994
0.86640376
1.0
0.9234959
0.85774773
0.8692547
0.9077532
0.90637547
0.9028787
0.8865136
0.7994499
0.7998494
0.7758855
0.7867873
0.77281237
0.7529384
0.7746562
0.8144501
0.7151633
0.8038334
0.80008423
0.8619561
0.85963833
0.8519003
0.95696694
0.6860082
0.6201489
0.4106943
0.47367892
0.8824041
0.75823987
0.86457413
0.84230566
0.8225269
0.8228952
0.8553497
0.87706935
0.9234959
1.0
0.83300245
0.78521085
0.7938086
0.8057314
0.80226
0.789145
0.86078113
0.8563227
0.84247863
0.83964306
0.83303577
0.7561302
0.8332481
0.79275894
0.70837545
0.7712271
0.77379507
0.70544785
0.7044462
0.71125984
0.8343161
0.741538
0.648915
0.3508597
0.3702841
0.8650741
0.8245125
0.84691787
0.81166357
0.85351264
0.8803649
0.8087002
0.82943225
0.85774773
0.83300245
1.0
0.85432434
0.846141
0.8620682
0.8764048
0.8697084
0.83430815
0.8541304
0.836576
0.80389273
0.8384968
0.7694371
0.810736
0.9425642
0.8507413
0.9038793
0.9262038
0.6803259
0.68952936
0.67816275
0.7622749
0.84843403
0.69257796
0.40504563
0.4104315
0.8139156
0.79421824
0.79860353
0.76504433
0.81498
0.8111709
0.7489509
0.76886195
0.8692547
0.78521085
0.85432434
0.99999994
0.90814805
0.9096528
0.91117096
0.9734197
0.8252353
0.8311163
0.80357647
0.80633897
0.89916015
0.8141565
0.8241582
0.8331945
0.76082283
0.7884237
0.82431525
0.6951385
0.6960589
0.7052884
0.7860567
0.87670213
0.66732013
0.41625535
0.39639437
0.8020629
0.80944335
0.7710729
0.749459
0.8364136
0.8223191
0.7573898
0.7952332
0.9077532
0.7938086
0.846141
0.90814805
1.0
0.93977594
0.9387263
0.9327622
0.82067984
0.8244831
0.7849493
0.8478704
0.809819
0.85440147
0.8238138
0.8094857
0.74895585
0.79167384
0.80276155
0.68550295
0.6896382
0.68840307
0.7893691
0.8475943
0.66485727
0.3899865
0.37564296
0.8062626
0.8085222
0.8039269
0.75995624
0.85057634
0.84744143
0.77710897
0.79706025
0.90637547
0.8057314
0.8620682
0.9096528
0.93977594
1.0
0.9299324
0.9272054
0.9094681
0.8281592
0.82642376
0.82742923
0.8174116
0.8234863
0.8352361
0.80985343
0.74518085
0.80140793
0.82270014
0.7038533
0.7168909
0.71372867
0.7898475
0.8761159
0.70664585
0.38442406
0.37822095
0.8939929
0.8287642
0.7933392
0.7572452
0.8452697
0.81932443
0.7602229
0.7943959
0.9028787
0.80226
0.8764048
0.91117096
0.9387263
0.9299324
1.0
0.943293
0.8242873
0.91463304
0.8113861
0.82296985
0.8377165
0.81765145
0.82361287
0.9090287
0.7639614
0.8073556
0.8400366
0.68591166
0.6856017
0.6791749
0.7711703
0.866566
0.6887868
0.4051802
0.38663855
0.82545906
0.81618476
0.7989106
0.7710901
0.84102494
0.8250509
0.7520332
0.77908456
0.8865136
0.789145
0.8697084
0.9734197
0.9327622
0.9272054
0.943293
1.0
0.8282498
0.8523978
0.8110943
0.82319325
0.9135156
0.8372367
0.83081836
0.8464887
0.7563472
0.7965217
0.83297664
0.6641363
0.6503002
0.6471862
0.77325165
0.711278
0.64801663
0.37067193
0.39498386
0.79368484
0.8107871
0.7908882
0.7506503
0.8383544
0.83976954
0.763223
0.791244
0.7994499
0.86078113
0.83430815
0.8252353
0.82067984
0.9094681
0.8242873
0.8282498
0.99999994
0.89478594
0.9092216
0.89293176
0.8918986
0.8415516
0.9115716
0.7834893
0.74318475
0.7636224
0.79752827
0.68837553
0.6859541
0.6805365
0.77566594
0.75157875
0.7007451
0.3651054
0.3982201
0.90270317
0.83686316
0.77970815
0.7489162
0.83368784
0.8070762
0.74432075
0.7895293
0.7998494
0.8563227
0.8541304
0.8311163
0.8244831
0.8281592
0.91463304
0.8523978
0.89478594
1.0
0.88984954
0.88699853
0.91596437
0.83531076
0.8965775
0.90690833
0.7674889
0.7733754
0.82087505
0.63091415
0.6216054
0.60827285
0.7561487
0.68105537
0.62602437
0.30801266
0.33346534
0.7966069
0.8156181
0.7981287
0.7346432
0.84700304
0.82354116
0.7205542
0.79315287
0.7758855
0.84247863
0.836576
0.80357647
0.7849493
0.82642376
0.8113861
0.8110943
0.9092216
0.88984954
1.0
0.86561316
0.881863
0.81656975
0.87211716
0.7822619
0.7217641
0.731511
0.80298865
0.6726367
0.6442113
0.65422267
0.7531829
0.74586844
0.6427731
0.4337329
0.44263697
0.77123666
0.79829943
0.7429805
0.73026085
0.8203283
0.80136883
0.7206237
0.7532294
0.7867873
0.83964306
0.80389273
0.80633897
0.8478704
0.82742923
0.82296985
0.82319325
0.89293176
0.88699853
0.86561316
1.0
0.87963355
0.8593492
0.8868342
0.7678777
0.7248302
0.72951204
0.77176684
0.6605715
0.6419594
0.6326269
0.74620926
0.73318523
0.6729517
0.3870384
0.40498045
0.8117344
0.8143069
0.77961564
0.7591339
0.8212262
0.8069349
0.72784966
0.7640498
0.77281237
0.83303577
0.8384968
0.89916015
0.809819
0.8174116
0.8377165
0.9135156
0.8918986
0.91596437
0.881863
0.87963355
0.99999994
0.8517824
0.89761114
0.8231485
0.7515504
0.7534095
0.8050976
0.5966734
0.57304806
0.58012277
0.66549015
0.76655424
0.6245729
0.3313608
0.33819827
0.72234225
0.7529155
0.69981486
0.69255275
0.7402257
0.7250205
0.6758447
0.69966495
0.7529384
0.7561302
0.7694371
0.8141565
0.85440147
0.8234863
0.81765145
0.8372367
0.8415516
0.83531076
0.81656975
0.8593492
0.8517824
1.0
0.84055376
0.73875844
0.694237
0.7208648
0.7430491
0.6542132
0.6457137
0.63255244
0.7410223
0.7459299
0.6535496
0.36491024
0.4087223
0.7824948
0.7941431
0.7614054
0.72667235
0.8123226
0.8082401
0.7378927
0.7591396
0.7746562
0.8332481
0.810736
0.8241582
0.8238138
0.8352361
0.82361287
0.83081836
0.9115716
0.8965775
0.87211716
0.8868342
0.89761114
0.84055376
1.0
0.78168446
0.7293127
0.7447761
0.7629106
0.70109916
0.7119767
0.7218611
0.7893292
0.75105447
0.6946211
0.3647295
0.41814676
0.9153348
0.795178
0.7901923
0.77282256
0.78599346
0.8003843
0.76480246
0.7817732
0.8144501
0.79275894
0.9425642
0.8331945
0.8094857
0.80985343
0.9090287
0.8464887
0.7834893
0.90690833
0.7822619
0.7678777
0.8231485
0.73875844
0.78168446
1.0
0.84526324
0.8750976
0.89290315
0.6008436
0.6151313
0.611873
0.6777072
0.6814826
0.67248654
0.33150482
0.35410848
0.7446515
0.71011704
0.70881313
0.7334249
0.7032654
0.7420616
0.68027246
0.6936818
0.7151633
0.70837545
0.8507413
0.76082283
0.74895585
0.74518085
0.7639614
0.7563472
0.74318475
0.7674889
0.7217641
0.7248302
0.7515504
0.694237
0.7293127
0.84526324
1.0000001
0.82649434
0.83092123
0.6876841
0.6828585
0.70603025
0.7753535
0.719782
0.63975024
0.38049218
0.446962
0.81400365
0.75785434
0.7824506
0.7765936
0.75275385
0.79341614
0.8348532
0.76658225
0.8038334
0.7712271
0.9038793
0.7884237
0.79167384
0.80140793
0.8073556
0.7965217
0.7636224
0.7733754
0.731511
0.72951204
0.7534095
0.7208648
0.7447761
0.8750976
0.82649434
1.0
0.8418077
0.65265113
0.6820362
0.662965
0.76419556
0.7461941
0.68187505
0.33683407
0.37626913
0.8207799
0.78500485
0.78721327
0.74831146
0.8088425
0.8106807
0.7226179
0.7818743
0.80008423
0.77379507
0.9262038
0.82431525
0.80276155
0.82270014
0.8400366
0.83297664
0.79752827
0.82087505
0.80298865
0.77176684
0.8050976
0.7430491
0.7629106
0.89290315
0.83092123
0.8418077
1.0
