6
-5
-5
-5
-11
-11
-11
-11
-20
-11
-11
-11
-11
-11
-11
-17
-18
-18
-18
-26
-26
-26
-26
-26
-26
-26
-26
-26
-26
-26
-26
-26
-26
-26
-26
-5
6
-5
-5
6
6
6
6
-20
-11
-11
-11
-11
-11
-11
-17
-18
-18
-18
-26
-26
-26
-26
-26
-26
-26
-26
-26
-26
-26
-26
-26
-26
-26
-26
-5
-5
6
-5
-11
-11
-11
-11
-20
-11
-11
-11
-11
-11
-11
-17
-18
-18
-18
-26
-26
-26
-26
-26
-26
-26
-26
-26
-26
-26
-26
-26
-26
-26
-26
-5
-5
-5
6
-11
-11
-11
-11
-20
6
6
6
6
6
6
-17
6
6
6
6
6
6
6
6
6
6
6
6
6
6
6
6
6
6
6
-11
7
-11
-11
7
-6
-6
-6
-26
-17
-17
-17
-17
-17
-17
-23
-24
-24
-24
-32
-32
-32
-32
-32
-32
-32
-32
-32
-32
-32
-32
-32
-32
-32
-32
-11
7
-11
-11
-6
7
-6
-6
-26
-17
-17
-17
-17
-17
-17
-23
-24
-24
-24
-32
-32
-32
-32
-32
-32
-32
-32
-32
-32
-32
-32
-32
-32
-32
-32
-11
7
-11
-11
-6
-6
7
-6
-26
-17
-17
-17
-17
-17
-17
-23
-24
-24
-24
-32
-32
-32
-32
-32
-32
-32
-32
-32
-32
-32
-32
-32
-32
-32
-32
-11
7
-11
-11
-6
-6
-6
7
-26
-17
-17
-17
-17
-17
-17
-23
-24
-24
-24
-32
-32
-32
-32
-32
-32
-32
-32
-32
-32
-32
-32
-32
-32
-32
-32
-20
-20
-20
-20
-26
-26
-26
-26
4
-26
-26
-26
-26
-26
-26
-8
-33
-33
-33
-41
-41
-41
-41
-41
-41
-41
-41
-41
-41
-41
-41
-41
-41
-41
-41
-11
-11
-11
7
-17
-17
-17
-17
-26
7
-6
-6
-6
-6
-6
-23
-13
-13
-13
-21
-21
-21
-21
-21
-21
-21
-21
-21
-21
-21
-21
-21
-21
-21
-21
-11
-11
-11
7
-17
-17
-17
-17
-26
-6
7
-6
-6
-6
-6
-23
-13
-13
-13
-21
-21
-21
-21
-21
-21
-21
-21
-21
-21
-21
-21
-21
-21
-21
-21
-11
-11
-11
7
-17
-17
-17
-17
-26
-6
-6
7
-6
-6
-6
-23
-13
-13
-13
-21
-21
-21
-21
-21
-21
-21
-21
-21
-21
-21
-21
-21
-21
-21
-21
-11
-11
-11
7
-17
-17
-17
-17
-26
-6
-6
-6
7
-6
-6
-23
-13
-13
-13
-21
-21
-21
-21
-21
-21
-21
-21
-21
-21
-21
-21
-21
-21
-21
-21
-11
-11
-11
7
-17
-17
-17
-17
-26
-6
-6
-6
-6
7
-6
-23
7
7
7
7
7
7
7
7
7
7
7
7
7
7
7
7
7
7
7
-11
-11
-11
7
-17
-17
-17
-17
-26
-6
-6
-6
-6
-6
7
-23
-13
-13
-13
-21
-21
-21
-21
-21
-21
-21
-21
-21
-21
-21
-21
-21
-21
-21
-21
-17
-17
-17
-17
-23
-23
-23
-23
-8
-23
-23
-23
-23
-23
-23
3
-30
-30
-30
-38
-38
-38
-38
-38
-38
-38
-38
-38
-38
-38
-38
-38
-38
-38
-38
-18
-18
-18
8
-24
-24
-24
-24
-33
-13
-13
-13
-13
8
-13
-30
8
-7
-7
8
8
8
8
8
-15
-15
-15
-15
-15
-15
-15
-15
-15
-15
-15
-18
-18
-18
8
-24
-24
-24
-24
-33
-13
-13
-13
-13
8
-13
-30
-7
8
-7
-15
-15
-15
-15
-15
8
8
8
8
8
8
8
-15
-15
-15
-15
-18
-18
-18
8
-24
-24
-24
-24
-33
-13
-13
-13
-13
8
-13
-30
-7
-7
8
-15
-15
-15
-15
-15
-15
-15
-15
-15
-15
-15
-15
8
8
8
8
-26
-26
-26
9
-32
-32
-32
-32
-41
-21
-21
-21
-21
9
-21
-38
9
-15
-15
9
-8
-8
-8
-8
-23
-23
-23
-23
-23
-23
-23
-23
-23
-23
-23
-26
-26
-26
9
-32
-32
-32
-32
-41
-21
-21
-21
-21
9
-21
-38
9
-15
-15
-8
9
-8
-8
-8
-23
-23
-23
-23
-23
-23
-23
-23
-23
-23
-23
-26
-26
-26
9
-32
-32
-32
-32
-41
-21
-21
-21
-21
9
-21
-38
9
-15
-15
-8
-8
9
-8
-8
-23
-23
-23
-23
-23
-23
-23
-23
-23
-23
-23
-26
-26
-26
9
-32
-32
-32
-32
-41
-21
-21
-21
-21
9
-21
-38
9
-15
-15
-8
-8
-8
9
-8
-23
-23
-23
-23
-23
-23
-23
-23
-23
-23
-23
-26
-26
-26
9
-32
-32
-32
-32
-41
-21
-21
-21
-21
9
-21
-38
9
-15
-15
-8
-8
-8
-8
9
-23
-23
-23
-23
-23
-23
-23
-23
-23
-23
-23
-26
-26
-26
9
-32
-32
-32
-32
-41
-21
-21
-21
-21
9
-21
-38
-15
9
-15
-23
-23
-23
-23
-23
9
-8
-8
-8
-8
-8
-8
-23
-23
-23
-23
-26
-26
-26
9
-32
-32
-32
-32
-41
-21
-21
-21
-21
9
-21
-38
-15
9
-15
-23
-23
-23
-23
-23
-8
9
-8
-8
-8
-8
-8
-23
-23
-23
-23
-26
-26
-26
9
-32
-32
-32
-32
-41
-21
-21
-21
-21
9
-21
-38
-15
9
-15
-23
-23
-23
-23
-23
-8
-8
9
-8
-8
-8
-8
-23
-23
-23
-23
-26
-26
-26
9
-32
-32
-32
-32
-41
-21
-21
-21
-21
9
-21
-38
-15
9
-15
-23
-23
-23
-23
-23
-8
-8
-8
9
-8
-8
-8
-23
-23
-23
-23
-26
-26
-26
9
-32
-32
-32
-32
-41
-21
-21
-21
-21
9
-21
-38
-15
9
-15
-23
-23
-23
-23
-23
-8
-8
-8
-8
9
-8
-8
-23
-23
-23
-23
-26
-26
-26
9
-32
-32
-32
-32
-41
-21
-21
-21
-21
9
-21
-38
-15
9
-15
-23
-23
-23
-23
-23
-8
-8
-8
-8
-8
9
-8
-23
-23
-23
-23
-26
-26
-26
9
-32
-32
-32
-32
-41
-21
-21
-21
-21
9
-21
-38
-15
9
-15
-23
-23
-23
-23
-23
-8
-8
-8
-8
-8
-8
9
-23
-23
-23
-23
-26
-26
-26
9
-32
-32
-32
-32
-41
-21
-21
-21
-21
9
-21
-38
-15
-15
9
-23
-23
-23
-23
-23
-23
-23
-23
-23
-23
-23
-23
9
-8
-8
-8
-26
-26
-26
9
-32
-32
-32
-32
-41
-21
-21
-21
-21
9
-21
-38
-15
-15
9
-23
-23
-23
-23
-23
-23
-23
-23
-23
-23
-23
-23
-8
9
-8
-8
-26
-26
-26
9
-32
-32
-32
-32
-41
-21
-21
-21
-21
9
-21
-38
-15
-15
9
-23
-23
-23
-23
-23
-23
-23
-23
-23
-23
-23
-23
-8
-8
9
-8
-26
-26
-26
9
-32
-32
-32
-32
-41
-21
-21
-21
-21
9
-21
-38
-15
-15
9
-23
-23
-23
-23
-23
-23
-23
-23
-23
-23
-23
-23
-8
-8
-8
9
