6
-25
-25
-25
-31
-31
-31
-31
-20
-31
-31
-31
-31
-31
-31
-17
-38
-38
-38
-46
-46
-46
-46
-46
-46
-46
-46
-46
-46
-46
-46
-46
-46
-46
-46
-25
6
-25
-25
6
6
6
6
-20
-31
-31
-31
-31
-31
-31
-17
-38
-38
-38
-46
-46
-46
-46
-46
-46
-46
-46
-46
-46
-46
-46
-46
-46
-46
-46
-25
-25
6
-25
-31
-31
-31
-31
-20
-31
-31
-31
-31
-31
-31
-17
-38
-38
-38
-46
-46
-46
-46
-46
-46
-46
-46
-46
-46
-46
-46
-46
-46
-46
-46
-25
-25
-25
6
-31
-31
-31
-31
-20
6
6
6
6
6
6
-17
6
6
6
6
6
6
6
6
6
6
6
6
6
6
6
6
6
6
6
-31
7
-31
-31
7
-36
-36
-36
-26
-37
-37
-37
-37
-37
-37
-23
-44
-44
-44
-52
-52
-52
-52
-52
-52
-52
-52
-52
-52
-52
-52
-52
-52
-52
-52
-31
7
-31
-31
-36
7
-36
-36
-26
-37
-37
-37
-37
-37
-37
-23
-44
-44
-44
-52
-52
-52
-52
-52
-52
-52
-52
-52
-52
-52
-52
-52
-52
-52
-52
-31
7
-31
-31
-36
-36
7
-36
-26
-37
-37
-37
-37
-37
-37
-23
-44
-44
-44
-52
-52
-52
-52
-52
-52
-52
-52
-52
-52
-52
-52
-52
-52
-52
-52
-31
7
-31
-31
-36
-36
-36
7
-26
-37
-37
-37
-37
-37
-37
-23
-44
-44
-44
-52
-52
-52
-52
-52
-52
-52
-52
-52
-52
-52
-52
-52
-52
-52
-52
-20
-20
-20
-20
-26
-26
-26
-26
4
-26
-26
-26
-26
-26
-26
-8
-33
-33
-33
-41
-41
-41
-41
-41
-41
-41
-41
-41
-41
-41
-41
-41
-41
-41
-41
-31
-31
-31
7
-37
-37
-37
-37
-26
7
-36
-36
-36
-36
-36
-23
-43
-43
-43
-51
-51
-51
-51
-51
-51
-51
-51
-51
-51
-51
-51
-51
-51
-51
-51
-31
-31
-31
7
-37
-37
-37
-37
-26
-36
7
-36
-36
-36
-36
-23
-43
-43
-43
-51
-51
-51
-51
-51
-51
-51
-51
-51
-51
-51
-51
-51
-51
-51
-51
-31
-31
-31
7
-37
-37
-37
-37
-26
-36
-36
7
-36
-36
-36
-23
-43
-43
-43
-51
-51
-51
-51
-51
-51
-51
-51
-51
-51
-51
-51
-51
-51
-51
-51
-31
-31
-31
7
-37
-37
-37
-37
-26
-36
-36
-36
7
-36
-36
-23
-43
-43
-43
-51
-51
-51
-51
-51
-51
-51
-51
-51
-51
-51
-51
-51
-51
-51
-51
-31
-31
-31
7
-37
-37
-37
-37
-26
-36
-36
-36
-36
7
-36
-23
7
7
7
7
7
7
7
7
7
7
7
7
7
7
7
7
7
7
7
-31
-31
-31
7
-37
-37
-37
-37
-26
-36
-36
-36
-36
-36
7
-23
-43
-43
-43
-51
-51
-51
-51
-51
-51
-51
-51
-51
-51
-51
-51
-51
-51
-51
-51
-17
-17
-17
-17
-23
-23
-23
-23
-8
-23
-23
-23
-23
-23
-23
3
-30
-30
-30
-38
-38
-38
-38
-38
-38
-38
-38
-38
-38
-38
-38
-38
-38
-38
-38
-38
-38
-38
8
-44
-44
-44
-44
-33
-43
-43
-43
-43
8
-43
-30
8
-49
-49
8
8
8
8
8
-57
-57
-57
-57
-57
-57
-57
-57
-57
-57
-57
-38
-38
-38
8
-44
-44
-44
-44
-33
-43
-43
-43
-43
8
-43
-30
-49
8
-49
-57
-57
-57
-57
-57
8
8
8
8
8
8
8
-57
-57
-57
-57
-38
-38
-38
8
-44
-44
-44
-44
-33
-43
-43
-43
-43
8
-43
-30
-49
-49
8
-57
-57
-57
-57
-57
-57
-57
-57
-57
-57
-57
-57
8
8
8
8
-46
-46
-46
9
-52
-52
-52
-52
-41
-51
-51
-51
-51
9
-51
-38
9
-57
-57
9
-64
-64
-64
-64
-65
-65
-65
-65
-65
-65
-65
-65
-65
-65
-65
-46
-46
-46
9
-52
-52
-52
-52
-41
-51
-51
-51
-51
9
-51
-38
9
-57
-57
-64
9
-64
-64
-64
-65
-65
-65
-65
-65
-65
-65
-65
-65
-65
-65
-46
-46
-46
9
-52
-52
-52
-52
-41
-51
-51
-51
-51
9
-51
-38
9
-57
-57
-64
-64
9
-64
-64
-65
-65
-65
-65
-65
-65
-65
-65
-65
-65
-65
-46
-46
-46
9
-52
-52
-52
-52
-41
-51
-51
-51
-51
9
-51
-38
9
-57
-57
-64
-64
-64
9
-64
-65
-65
-65
-65
-65
-65
-65
-65
-65
-65
-65
-46
-46
-46
9
-52
-52
-52
-52
-41
-51
-51
-51
-51
9
-51
-38
9
-57
-57
-64
-64
-64
-64
9
-65
-65
-65
-65
-65
-65
-65
-65
-65
-65
-65
-46
-46
-46
9
-52
-52
-52
-52
-41
-51
-51
-51
-51
9
-51
-38
-57
9
-57
-65
-65
-65
-65
-65
9
-64
-64
-64
-64
-64
-64
-65
-65
-65
-65
-46
-46
-46
9
-52
-52
-52
-52
-41
-51
-51
-51
-51
9
-51
-38
-57
9
-57
-65
-65
-65
-65
-65
-64
9
-64
-64
-64
-64
-64
-65
-65
-65
-65
-46
-46
-46
9
-52
-52
-52
-52
-41
-51
-51
-51
-51
9
-51
-38
-57
9
-57
-65
-65
-65
-65
-65
-64
-64
9
-64
-64
-64
-64
-65
-65
-65
-65
-46
-46
-46
9
-52
-52
-52
-52
-41
-51
-51
-51
-51
9
-51
-38
-57
9
-57
-65
-65
-65
-65
-65
-64
-64
-64
9
-64
-64
-64
-65
-65
-65
-65
-46
-46
-46
9
-52
-52
-52
-52
-41
-51
-51
-51
-51
9
-51
-38
-57
9
-57
-65
-65
-65
-65
-65
-64
-64
-64
-64
9
-64
-64
-65
-65
-65
-65
-46
-46
-46
9
-52
-52
-52
-52
-41
-51
-51
-51
-51
9
-51
-38
-57
9
-57
-65
-65
-65
-65
-65
-64
-64
-64
-64
-64
9
-64
-65
-65
-65
-65
-46
-46
-46
9
-52
-52
-52
-52
-41
-51
-51
-51
-51
9
-51
-38
-57
9
-57
-65
-65
-65
-65
-65
-64
-64
-64
-64
-64
-64
9
-65
-65
-65
-65
-46
-46
-46
9
-52
-52
-52
-52
-41
-51
-51
-51
-51
9
-51
-38
-57
-57
9
-65
-65
-65
-65
-65
-65
-65
-65
-65
-65
-65
-65
9
-64
-64
-64
-46
-46
-46
9
-52
-52
-52
-52
-41
-51
-51
-51
-51
9
-51
-38
-57
-57
9
-65
-65
-65
-65
-65
-65
-65
-65
-65
-65
-65
-65
-64
9
-64
-64
-46
-46
-46
9
-52
-52
-52
-52
-41
-51
-51
-51
-51
9
-51
-38
-57
-57
9
-65
-65
-65
-65
-65
-65
-65
-65
-65
-65
-65
-65
-64
-64
9
-64
-46
-46
-46
9
-52
-52
-52
-52
-41
-51
-51
-51
-51
9
-51
-38
-57
-57
9
-65
-65
-65
-65
-65
-65
-65
-65
-65
-65
-65
-65
-64
-64
-64
9
